        0.000e+00
        1.000e+02
        2.000e+02
        3.000e+02
        4.000e+02
        5.000e+02
        6.000e+02
        7.000e+02
        8.940e+02
        9.611e+02
        1.063e+03
        1.176e+03
        1.301e+03
        1.440e+03
        1.593e+03
        1.762e+03
        1.949e+03
        2.156e+03
        2.385e+03
        2.639e+03
        2.919e+03
        3.230e+03
        3.573e+03
        3.953e+03
        4.373e+03
        4.838e+03
        5.352e+03
        5.921e+03
        6.550e+03
        7.246e+03
        8.016e+03
        8.868e+03
        9.811e+03
        1.085e+04
        1.201e+04
        1.328e+04
        1.470e+04
        1.626e+04
        1.799e+04
        1.990e+04
        2.201e+04
        2.435e+04
        2.694e+04
        2.980e+04
        3.297e+04
        3.648e+04
        4.035e+04
        4.464e+04
        4.939e+04
        5.464e+04
        6.044e+04
        6.687e+04
        7.397e+04
        8.184e+04
        9.053e+04
        1.002e+05
        1.108e+05
        1.226e+05
        1.356e+05
        1.500e+05
        1.660e+05
        1.836e+05
        2.031e+05
        2.247e+05
        2.486e+05
        2.750e+05
        3.043e+05
        3.366e+05
        3.724e+05
        4.119e+05
        4.557e+05
        5.042e+05
        5.578e+05
        6.170e+05
        6.826e+05
        7.552e+05
        8.354e+05
        9.242e+05
        1.022e+06
        1.131e+06
        1.251e+06
        1.384e+06
        1.532e+06
        1.694e+06
        1.874e+06
        2.074e+06
        2.294e+06
        2.538e+06
        2.808e+06
        3.106e+06
        3.436e+06
        3.801e+06
        4.205e+06
        4.652e+06
        5.147e+06
        5.694e+06
        6.299e+06
        6.969e+06
        7.709e+06
        8.529e+06
        9.435e+06
        1.044e+07
        1.155e+07
        1.277e+07
        1.413e+07
        1.563e+07
        1.730e+07
        1.913e+07
        2.117e+07
        2.342e+07
        2.591e+07
        2.866e+07
        3.171e+07
        3.508e+07
        3.881e+07
        4.293e+07
        4.749e+07
        5.254e+07
        5.813e+07
        6.430e+07
        7.114e+07
        7.870e+07
        8.707e+07
        9.632e+07
        1.066e+08
        1.179e+08
        1.304e+08
        1.443e+08
        1.596e+08
        1.766e+08
        1.953e+08
        2.161e+08
        2.391e+08
        2.645e+08
        2.926e+08
        3.237e+08
        3.581e+08
        3.962e+08
        4.383e+08
        4.848e+08
        5.364e+08
        5.934e+08
        6.565e+08
        7.262e+08
        8.034e+08
        8.888e+08
        9.833e+08
        1.088e+09
        1.203e+09
        1.331e+09
        1.473e+09
        1.629e+09
        1.803e+09
        1.994e+09
        2.206e+09
        2.441e+09
        2.700e+09
        2.987e+09
        3.304e+09
        3.656e+09
        4.044e+09
        4.474e+09
        4.950e+09
        5.476e+09
        6.058e+09
        6.702e+09
        7.414e+09
        8.202e+09
        9.074e+09
        1.004e+10
        1.110e+10
        1.229e+10
        1.359e+10
        1.504e+10
        1.663e+10
        1.840e+10
        2.036e+10
        2.252e+10
        2.492e+10
        2.756e+10
        3.049e+10
        3.373e+10
        3.732e+10
        4.129e+10
        4.567e+10
        5.053e+10
        5.590e+10
        6.184e+10
        6.841e+10
        7.569e+10
        8.373e+10
        9.263e+10
        1.025e+11
        1.134e+11
        1.254e+11
        1.387e+11
        1.535e+11
        1.698e+11
        1.879e+11
        2.078e+11
        2.299e+11
        2.543e+11
        2.814e+11
        3.113e+11
        3.444e+11
        3.810e+11
        4.215e+11
        4.663e+11
        5.158e+11
        5.707e+11
        6.313e+11
        6.984e+11
        7.726e+11
        8.548e+11
        9.456e+11
        1.046e+12
        1.157e+12
        1.280e+12
        1.416e+12
        1.567e+12
        1.734e+12
        1.918e+12
        2.122e+12
        2.347e+12
        2.597e+12
        2.873e+12
        3.178e+12
        3.516e+12
        3.889e+12
        4.303e+12
        4.760e+12
        5.266e+12
        5.826e+12
        6.445e+12
        7.130e+12
        7.888e+12
        8.726e+12
        9.653e+12
        1.068e+13
        1.181e+13
        1.307e+13
        1.446e+13
        1.600e+13
        1.770e+13
        1.958e+13
        2.166e+13
        2.396e+13
        2.651e+13
        2.932e+13
        3.244e+13
        3.589e+13
        3.970e+13
        4.392e+13
        4.859e+13
        5.376e+13
        5.947e+13
        6.579e+13
        7.279e+13
        8.052e+13
        8.908e+13
        9.855e+13
        1.090e+14
        1.206e+14
        1.334e+14
        1.476e+14
        1.633e+14
        1.807e+14
        1.999e+14
        2.211e+14
        2.446e+14
        2.706e+14
        2.994e+14
        3.312e+14
        3.664e+14
        4.053e+14
        4.484e+14
        4.961e+14
        5.488e+14
        6.071e+14
        6.717e+14
        7.430e+14
        8.220e+14
        9.094e+14
        1.006e+15
        1.113e+15
        1.231e+15
        1.362e+15
        1.507e+15
        1.667e+15
        1.844e+15
        2.040e+15
        2.257e+15
        2.497e+15
        2.762e+15
        3.056e+15
        3.381e+15
        3.740e+15
        4.138e+15
        4.578e+15
        5.064e+15
        5.602e+15
        6.198e+15
        6.857e+15
        7.585e+15
        8.392e+15
        9.284e+15
        1.027e+16
        1.136e+16
        1.257e+16
        1.391e+16
        1.538e+16
        1.702e+16
        1.883e+16
        2.083e+16
        2.304e+16
        2.549e+16
        2.820e+16
        3.120e+16
        3.451e+16
        3.818e+16
        4.224e+16
        4.673e+16
        5.170e+16
        5.719e+16
        6.327e+16
        7.000e+16
        7.744e+16
        8.567e+16
        9.477e+16
        1.048e+17
        1.160e+17
        1.283e+17
        1.420e+17
        1.570e+17
        1.737e+17
        1.922e+17
        2.126e+17
        2.352e+17
        2.602e+17
        2.879e+17
        3.185e+17
        3.523e+17
        3.898e+17
        4.312e+17
        4.771e+17
        5.278e+17
        5.839e+17
        6.459e+17
        7.146e+17
        7.905e+17
        8.745e+17
        9.675e+17
        1.070e+18
        1.184e+18
        1.310e+18
        1.449e+18
        1.603e+18
        1.774e+18
        1.962e+18
        2.171e+18
        2.401e+18
        2.657e+18
        2.939e+18
        3.251e+18
        3.597e+18
        3.979e+18
        4.402e+18
        4.870e+18
        5.388e+18
        5.960e+18
        6.594e+18
        7.295e+18
        8.070e+18
        8.928e+18
        9.877e+18
        1.093e+19
        1.209e+19
        1.337e+19
        1.479e+19
        1.637e+19
        1.811e+19
        2.003e+19
        2.216e+19
        2.451e+19
        2.712e+19
        3.000e+19
        3.319e+19
        3.672e+19
        4.062e+19
        4.494e+19
        4.972e+19
        5.500e+19
        6.085e+19
        6.731e+19
        7.447e+19
        8.238e+19
        9.114e+19
        1.008e+20
        1.115e+20
        1.234e+20
        1.365e+20
        1.510e+20
        1.671e+20
        1.848e+20
        2.045e+20
        2.262e+20
        2.503e+20
        2.769e+20
        3.063e+20
        3.388e+20
        3.749e+20
        4.147e+20
        4.588e+20
        5.075e+20
        5.615e+20
        6.212e+20
        6.872e+20
        7.602e+20
        8.410e+20
        9.304e+20
        1.029e+21
        1.139e+21
        1.260e+21
        1.394e+21
        1.542e+21
        1.706e+21
        1.887e+21
        2.088e+21
        2.309e+21
        2.555e+21
        2.826e+21
        3.127e+21
        3.459e+21
        3.827e+21
        4.234e+21
        4.684e+21
        5.181e+21
        5.732e+21
        6.341e+21
        7.015e+21
        7.761e+21
        8.586e+21
        9.498e+21
        1.051e+22
        1.162e+22
        1.286e+22
        1.423e+22
        1.574e+22
        1.741e+22
        1.926e+22
        2.131e+22
        2.358e+22
        2.608e+22
        2.885e+22
        3.192e+22
        3.531e+22
        3.907e+22
        4.322e+22
        4.781e+22
        5.289e+22
        5.852e+22
        6.474e+22
        7.162e+22
        7.923e+22
        8.765e+22
        9.697e+22
        1.073e+23
        1.187e+23
        1.313e+23
        1.452e+23
        1.607e+23
        1.778e+23
        1.966e+23
        2.176e+23
        2.407e+23
        2.663e+23
        2.946e+23
        3.259e+23
        3.605e+23
        3.988e+23
        4.412e+23
        4.881e+23
        5.400e+23
        5.974e+23
        6.609e+23
        7.311e+23
        8.088e+23
        8.948e+23
        9.899e+23
        1.095e+24
        1.211e+24
        1.340e+24
        1.483e+24
        1.640e+24
        1.815e+24
        2.008e+24
        2.221e+24
        2.457e+24
        2.718e+24
        3.007e+24
        3.327e+24
        3.680e+24
        4.071e+24
        4.504e+24
        4.983e+24
        5.512e+24
        6.098e+24
        6.746e+24
        7.464e+24
        8.257e+24
        9.134e+24
        1.011e+25
        1.118e+25
        1.237e+25
        1.368e+25
        1.514e+25
        1.675e+25
        1.853e+25
        2.049e+25
        2.267e+25
        2.508e+25
        2.775e+25
        3.070e+25
        3.396e+25
        3.757e+25
        4.156e+25
        4.598e+25
        5.087e+25
        5.627e+25
        6.226e+25
        6.887e+25
        7.619e+25
        8.429e+25
        9.325e+25
        1.032e+26
        1.141e+26
        1.263e+26
        1.397e+26
        1.545e+26
        1.709e+26
        1.891e+26
        2.092e+26
        2.315e+26
        2.561e+26
        2.833e+26
        3.134e+26
        3.467e+26
        3.835e+26
        4.243e+26
        4.694e+26
        5.193e+26
        5.745e+26
        6.355e+26
        7.031e+26
        7.778e+26
        8.605e+26
        9.520e+26
        1.053e+27
        1.165e+27
        1.289e+27
        1.426e+27
        1.577e+27
        1.745e+27
        1.931e+27
        2.136e+27
        2.363e+27
        2.614e+27
        2.892e+27
        3.199e+27
        3.539e+27
        3.915e+27
        4.331e+27
        4.792e+27
        5.301e+27
        5.865e+27
        6.488e+27
        7.178e+27
        7.940e+27
        8.784e+27
        9.718e+27
        1.075e+28
        1.189e+28
        1.316e+28
        1.456e+28
        1.610e+28
        1.782e+28
        1.971e+28
        2.180e+28
        2.412e+28
        2.668e+28
        2.952e+28
        3.266e+28
        3.613e+28
        3.997e+28
        4.422e+28
        4.892e+28
        5.412e+28
        5.987e+28
        6.623e+28
        7.327e+28
        8.106e+28
        8.968e+28
        9.921e+28
        1.098e+29
        1.214e+29
        1.343e+29
        1.486e+29
        1.644e+29
        1.819e+29
        2.012e+29
        2.226e+29
        2.462e+29
        2.724e+29
        3.014e+29
        3.334e+29
        3.688e+29
        4.080e+29
        4.514e+29
        4.994e+29
        5.525e+29
        6.112e+29
        6.762e+29
        7.480e+29
        8.275e+29
        9.155e+29
        1.013e+30
        1.120e+30
        1.240e+30
        1.371e+30
        1.517e+30
        1.678e+30
        1.857e+30
        2.054e+30
        2.272e+30
        2.514e+30
        2.781e+30
        3.077e+30
        3.404e+30
        3.765e+30
        4.166e+30
        4.608e+30
        5.098e+30
        5.640e+30
        6.239e+30
        6.903e+30
        7.636e+30
        8.448e+30
        9.346e+30
        1.034e+31
        1.144e+31
        1.265e+31
        1.400e+31
        1.549e+31
        1.713e+31
        1.895e+31
        2.097e+31
        2.320e+31
        2.566e+31
        2.839e+31
        3.141e+31
        3.475e+31
        3.844e+31
        4.252e+31
        4.704e+31
        5.204e+31
        5.758e+31
        6.370e+31
        7.047e+31
        7.796e+31
        8.624e+31
        9.541e+31
        1.055e+32
        1.168e+32
        1.292e+32
        1.429e+32
        1.581e+32
        1.749e+32
        1.935e+32
        2.141e+32
        2.368e+32
        2.620e+32
        2.898e+32
        3.206e+32
        3.547e+32
        3.924e+32
        4.341e+32
        4.803e+32
        5.313e+32
        5.878e+32
        6.502e+32
        7.194e+32
        7.958e+32
        8.804e+32
        9.740e+32
        1.078e+33
        1.192e+33
        1.319e+33
        1.459e+33
        1.614e+33
        1.785e+33
        1.975e+33
        2.185e+33
        2.417e+33
        2.674e+33
        2.959e+33
        3.273e+33
        3.621e+33
        4.006e+33
        4.432e+33
        4.903e+33
        5.424e+33
        6.000e+33
        6.638e+33
        7.344e+33
        8.124e+33
        8.988e+33
        9.943e+33
        1.100e+34
        1.217e+34
        1.346e+34
        1.489e+34
        1.648e+34
        1.823e+34
        2.016e+34
        2.231e+34
        2.468e+34
        2.730e+34
        3.020e+34
        3.341e+34
        3.697e+34
        4.090e+34
        4.524e+34
        5.005e+34
        5.537e+34
        6.126e+34
        6.777e+34
        7.497e+34
        8.294e+34
        9.175e+34
        1.015e+35
        1.123e+35
        1.242e+35
        1.374e+35
        1.520e+35
        1.682e+35
        1.861e+35
        2.059e+35
        2.277e+35
        2.519e+35
        2.787e+35
        3.083e+35
        3.411e+35
        3.774e+35
        4.175e+35
        4.619e+35
        5.109e+35
        5.653e+35
        6.253e+35
        6.918e+35
        7.653e+35
        8.467e+35
        9.367e+35
        1.036e+36
        1.146e+36
        1.268e+36
        1.403e+36
        1.552e+36
        1.717e+36
        1.900e+36
        2.101e+36
        2.325e+36
        2.572e+36
        2.845e+36
        3.148e+36
        3.482e+36
        3.852e+36
        4.262e+36
        4.715e+36
        5.216e+36
        5.770e+36
        6.384e+36
        7.062e+36
        7.813e+36
        8.643e+36
        9.562e+36
        1.058e+37
        1.170e+37
        1.295e+37
        1.432e+37
        1.584e+37
        1.753e+37
        1.939e+37
        2.145e+37
        2.373e+37
        2.626e+37
        2.905e+37
        3.213e+37
        3.555e+37
        3.933e+37
        4.351e+37
        4.813e+37
        5.325e+37
        5.891e+37
        6.517e+37
        7.210e+37
        7.976e+37
        8.824e+37
        9.762e+37
        1.080e+38
        1.195e+38
        1.322e+38
        1.462e+38
        1.618e+38
        1.789e+38
        1.980e+38
        2.190e+38
        2.423e+38
        2.680e+38
        2.965e+38
        3.280e+38
        3.629e+38
        4.015e+38
        4.442e+38
        4.914e+38
        5.436e+38
        6.014e+38
        6.653e+38
        7.360e+38
        8.142e+38
        9.008e+38
        9.965e+38
        1.102e+39
        1.220e+39
        1.349e+39
        1.493e+39
        1.651e+39
        1.827e+39
        2.021e+39
        2.236e+39
        2.473e+39
        2.736e+39
        3.027e+39
        3.349e+39
        3.705e+39
        4.099e+39
        4.534e+39
        5.016e+39
        5.549e+39
        6.139e+39
        6.792e+39
        7.514e+39
        8.312e+39
        9.196e+39
        1.017e+40
        1.125e+40
        1.245e+40
        1.377e+40
        1.524e+40
        1.686e+40
        1.865e+40
        2.063e+40
        2.282e+40
        2.525e+40
        2.793e+40
        3.090e+40
        3.419e+40
        3.782e+40
        4.184e+40
        4.629e+40
        5.121e+40
        5.665e+40
        6.267e+40
        6.933e+40
        7.670e+40
        8.486e+40
        9.387e+40
        1.039e+41
        1.149e+41
        1.271e+41
        1.406e+41
        1.556e+41
        1.721e+41
        1.904e+41
        2.106e+41
        2.330e+41
        2.578e+41
        2.852e+41
        3.155e+41
        3.490e+41
        3.861e+41
        4.271e+41
        4.725e+41
        5.228e+41
        5.783e+41
        6.398e+41
        7.078e+41
        7.830e+41
        8.663e+41
        9.583e+41
        1.060e+42
        1.173e+42
        1.298e+42
        1.435e+42
        1.588e+42
        1.757e+42
        1.944e+42
        2.150e+42
        2.379e+42
        2.631e+42
        2.911e+42
        3.221e+42
        3.563e+42
        3.942e+42
        4.361e+42
        4.824e+42
        5.337e+42
        5.904e+42
        6.531e+42
        7.226e+42
        7.994e+42
        8.843e+42
        9.783e+42
        1.082e+43
        1.197e+43
        1.325e+43
        1.465e+43
        1.621e+43
        1.793e+43
        1.984e+43
        2.195e+43
        2.428e+43
        2.686e+43
        2.972e+43
        3.288e+43
        3.637e+43
        4.024e+43
        4.451e+43
        4.925e+43
        5.448e+43
        6.027e+43
        6.668e+43
        7.376e+43
        8.160e+43
        9.028e+43
        9.987e+43
        1.105e+44
        1.222e+44
        1.352e+44
        1.496e+44
        1.655e+44
        1.831e+44
        2.025e+44
        2.241e+44
        2.479e+44
        2.742e+44
        3.034e+44
        3.356e+44
        3.713e+44
        4.108e+44
        4.544e+44
        5.027e+44
        5.562e+44
        6.153e+44
        6.807e+44
        7.530e+44
        8.331e+44
        9.216e+44
        1.020e+45
        1.128e+45
        1.248e+45
        1.380e+45
        1.527e+45
        1.689e+45
        1.869e+45
        2.068e+45
        2.288e+45
        2.531e+45
        2.800e+45
        3.097e+45
        3.426e+45
        3.791e+45
        4.193e+45
        4.639e+45
        5.132e+45
        5.678e+45
        6.281e+45
        6.949e+45
        7.687e+45
        8.504e+45
        9.408e+45
        1.041e+46
        1.151e+46
        1.274e+46
        1.409e+46
        1.559e+46
        1.725e+46
        1.908e+46
        2.111e+46
        2.335e+46
        2.583e+46
        2.858e+46
        3.162e+46
        3.498e+46
        3.870e+46
        4.281e+46
        4.736e+46
        5.239e+46
        5.796e+46
        6.412e+46
        7.094e+46
        7.848e+46
        8.682e+46
        9.605e+46
        1.063e+47
        1.175e+47
        1.300e+47
        1.439e+47
        1.592e+47
        1.761e+47
        1.948e+47
        2.155e+47
        2.384e+47
        2.637e+47
        2.918e+47
        3.228e+47
        3.571e+47
        3.950e+47
        4.370e+47
        4.835e+47
        5.349e+47
        5.917e+47
        6.546e+47
        7.242e+47
        8.012e+47
        8.863e+47
        9.805e+47
        1.085e+48
        1.200e+48
        1.328e+48
        1.469e+48
        1.625e+48
        1.797e+48
        1.989e+48
        2.200e+48
        2.434e+48
        2.692e+48
        2.979e+48
        3.295e+48
        3.645e+48
        4.033e+48
        4.461e+48
        4.936e+48
        5.460e+48
        6.041e+48
        6.683e+48
        7.393e+48
        8.179e+48
        9.048e+48
        1.001e+49
        1.107e+49
        1.225e+49
        1.355e+49
        1.499e+49
        1.659e+49
        1.835e+49
        2.030e+49
        2.246e+49
        2.484e+49
        2.749e+49
        3.041e+49
        3.364e+49
        3.721e+49
        4.117e+49
        4.554e+49
        5.039e+49
        5.574e+49
        6.167e+49
        6.822e+49
        7.547e+49
        8.349e+49
        9.237e+49
        1.022e+50
        1.130e+50
        1.251e+50
        1.384e+50
        1.531e+50
        1.693e+50
        1.873e+50
        2.072e+50
        2.293e+50
        2.536e+50
        2.806e+50
        3.104e+50
        3.434e+50
        3.799e+50
        4.203e+50
        4.649e+50
        5.144e+50
        5.690e+50
        6.295e+50
        6.964e+50
        7.705e+50
        8.523e+50
        9.429e+50
        1.043e+51
        1.154e+51
        1.277e+51
        1.412e+51
        1.563e+51
        1.729e+51
        1.912e+51
        2.116e+51
        2.340e+51
        2.589e+51
        2.864e+51
        3.169e+51
        3.506e+51
        3.878e+51
        4.290e+51
        4.746e+51
        5.251e+51
        5.809e+51
        6.427e+51
        7.110e+51
        7.865e+51
        8.701e+51
        9.626e+51
        1.065e+52
        1.178e+52
        1.303e+52
        1.442e+52
        1.595e+52
        1.765e+52
        1.952e+52
        2.160e+52
        2.389e+52
        2.643e+52
        2.924e+52
        3.235e+52
        3.579e+52
        3.959e+52
        4.380e+52
        4.846e+52
        5.361e+52
        5.930e+52
        6.561e+52
        7.258e+52
        8.029e+52
        8.883e+52
        9.827e+52
        1.087e+53
        1.203e+53
        1.331e+53
        1.472e+53
        1.628e+53
        1.801e+53
        1.993e+53
        2.205e+53
        2.439e+53
        2.698e+53
        2.985e+53
        3.302e+53
        3.653e+53
        4.042e+53
        4.471e+53
        4.947e+53
        5.472e+53
        6.054e+53
        6.697e+53
        7.409e+53
        8.197e+53
        9.068e+53
        1.003e+54
        1.110e+54
        1.228e+54
        1.358e+54
        1.503e+54
        1.662e+54
        1.839e+54
        2.035e+54
        2.251e+54
        2.490e+54
        2.755e+54
        3.047e+54
        3.371e+54
        3.730e+54
        4.126e+54
        4.565e+54
        5.050e+54
        5.587e+54
        6.180e+54
        6.837e+54
        7.564e+54
        8.368e+54
        9.257e+54
        1.024e+55
        1.133e+55
        1.253e+55
        1.387e+55
        1.534e+55
        1.697e+55
        1.877e+55
        2.077e+55
        2.298e+55
        2.542e+55
        2.812e+55
        3.111e+55
        3.442e+55
        3.807e+55
        4.212e+55
        4.660e+55
        5.155e+55
        5.703e+55
        6.309e+55
        6.980e+55
        7.722e+55
        8.542e+55
        9.450e+55
        1.045e+56
        1.157e+56
        1.280e+56
        1.416e+56
        1.566e+56
        1.732e+56
        1.917e+56
        2.120e+56
        2.346e+56
        2.595e+56
        2.871e+56
        3.176e+56
        3.513e+56
        3.887e+56
        4.300e+56
        4.757e+56
        5.263e+56
        5.822e+56
        6.441e+56
        7.125e+56
        7.883e+56
        8.721e+56
        9.648e+56
        1.067e+57
        1.181e+57
        1.306e+57
        1.445e+57
        1.599e+57
        1.769e+57
        1.957e+57
        2.165e+57
        2.395e+57
        2.649e+57
        2.931e+57
        3.242e+57
        3.587e+57
        3.968e+57
        4.390e+57
        4.856e+57
        5.372e+57
        5.944e+57
        6.575e+57
        7.274e+57
        8.047e+57
        8.903e+57
        9.849e+57
        1.090e+58
        1.205e+58
        1.333e+58
        1.475e+58
        1.632e+58
        1.805e+58
        1.997e+58
        2.210e+58
        2.445e+58
        2.704e+58
        2.992e+58
        3.310e+58
        3.662e+58
        4.051e+58
        4.481e+58
        4.958e+58
        5.485e+58
        6.068e+58
        6.712e+58
        7.426e+58
        8.215e+58
        9.088e+58
        1.005e+59
        1.112e+59
        1.231e+59
        1.361e+59
        1.506e+59
        1.666e+59
        1.843e+59
        2.039e+59
        2.256e+59
        2.496e+59
        2.761e+59
        3.054e+59
        3.379e+59
        3.738e+59
        4.135e+59
        4.575e+59
        5.061e+59
        5.599e+59
        6.194e+59
        6.852e+59
        7.581e+59
        8.387e+59
        9.278e+59
        1.026e+60
        1.135e+60
        1.256e+60
        1.390e+60
        1.537e+60
        1.701e+60
        1.882e+60
        2.082e+60
        2.303e+60
        2.548e+60
        2.818e+60
        3.118e+60
        3.449e+60
        3.816e+60
        4.222e+60
        4.670e+60
        5.167e+60
        5.716e+60
        6.323e+60
        6.995e+60
        7.739e+60
        8.561e+60
        9.471e+60
        1.048e+61
        1.159e+61
        1.282e+61
        1.419e+61
        1.569e+61
        1.736e+61
        1.921e+61
        2.125e+61
        2.351e+61
        2.601e+61
        2.877e+61
        3.183e+61
        3.521e+61
        3.896e+61
        4.310e+61
        4.768e+61
        5.274e+61
        5.835e+61
        6.455e+61
        7.141e+61
        7.900e+61
        8.740e+61
        9.669e+61
        1.070e+62
        1.183e+62
        1.309e+62
        1.448e+62
        1.602e+62
        1.773e+62
        1.961e+62
        2.169e+62
        2.400e+62
        2.655e+62
        2.937e+62
        3.249e+62
        3.595e+62
        3.977e+62
        4.400e+62
        4.867e+62
        5.384e+62
        5.957e+62
        6.590e+62
        7.290e+62
        8.065e+62
        8.922e+62
        9.871e+62
        1.092e+63
        1.208e+63
        1.336e+63
        1.479e+63
        1.636e+63
        1.810e+63
        2.002e+63
        2.215e+63
        2.450e+63
        2.710e+63
        2.998e+63
        3.317e+63
        3.670e+63
        4.060e+63
        4.491e+63
        4.969e+63
        5.497e+63
        6.081e+63
        6.727e+63
        7.442e+63
        8.233e+63
        9.109e+63
        1.008e+64
        1.115e+64
        1.233e+64
        1.364e+64
        1.509e+64
        1.670e+64
        1.847e+64
        2.044e+64
        2.261e+64
        2.501e+64
        2.767e+64
        3.061e+64
        3.386e+64
        3.746e+64
        4.144e+64
        4.585e+64
        5.072e+64
        5.611e+64
        6.208e+64
        6.868e+64
        7.598e+64
        8.405e+64
        9.299e+64
        1.029e+65
        1.138e+65
        1.259e+65
        1.393e+65
        1.541e+65
        1.705e+65
        1.886e+65
        2.086e+65
        2.308e+65
        2.553e+65
        2.825e+65
        3.125e+65
        3.457e+65
        3.824e+65
        4.231e+65
        4.681e+65
        5.178e+65
        5.729e+65
        6.337e+65
        7.011e+65
        7.756e+65
        8.581e+65
        9.493e+65
        1.050e+66
        1.162e+66
        1.285e+66
        1.422e+66
        1.573e+66
        1.740e+66
        1.925e+66
        2.130e+66
        2.356e+66
        2.607e+66
        2.884e+66
        3.190e+66
        3.529e+66
        3.904e+66
        4.319e+66
        4.778e+66
        5.286e+66
        5.848e+66
        6.470e+66
        7.157e+66
        7.918e+66
        8.760e+66
        9.691e+66
        1.072e+67
        1.186e+67
        1.312e+67
        1.452e+67
        1.606e+67
        1.776e+67
        1.965e+67
        2.174e+67
        2.405e+67
        2.661e+67
        2.944e+67
        3.257e+67
        3.603e+67
        3.986e+67
        4.409e+67
        4.878e+67
        5.396e+67
        5.970e+67
        6.605e+67
        7.307e+67
        8.083e+67
        8.942e+67
        9.893e+67
        1.094e+68
        1.211e+68
        1.339e+68
        1.482e+68
        1.639e+68
        1.814e+68
        2.006e+68
        2.220e+68
        2.455e+68
        2.716e+68
        3.005e+68
        3.325e+68
        3.678e+68
        4.069e+68
        4.501e+68
        4.980e+68
        5.509e+68
        6.095e+68
        6.742e+68
        7.459e+68
        8.252e+68
        9.129e+68
        1.010e+69
        1.117e+69
        1.236e+69
        1.367e+69
        1.513e+69
        1.673e+69
        1.851e+69
        2.048e+69
        2.266e+69
        2.507e+69
        2.773e+69
        3.068e+69
        3.394e+69
        3.755e+69
        4.154e+69
        4.595e+69
        5.084e+69
        5.624e+69
        6.222e+69
        6.883e+69
        7.615e+69
        8.424e+69
        9.319e+69
        1.031e+70
        1.141e+70
        1.262e+70
        1.396e+70
        1.544e+70
        1.708e+70
        1.890e+70
        2.091e+70
        2.313e+70
        2.559e+70
        2.831e+70
        3.132e+70
        3.465e+70
        3.833e+70
        4.240e+70
        4.691e+70
        5.190e+70
        5.741e+70
        6.352e+70
        7.027e+70
        7.773e+70
        8.600e+70
        9.514e+70
        1.052e+71
        1.164e+71
        1.288e+71
        1.425e+71
        1.576e+71
        1.744e+71
        1.929e+71
        2.134e+71
        2.361e+71
        2.612e+71
        2.890e+71
        3.197e+71
        3.537e+71
        3.913e+71
        4.329e+71
        4.789e+71
        5.298e+71
        5.861e+71
        6.484e+71
        7.173e+71
        7.936e+71
        8.779e+71
        9.712e+71
        1.074e+72
        1.189e+72
        1.315e+72
        1.455e+72
        1.609e+72
        1.780e+72
        1.970e+72
        2.179e+72
        2.411e+72
        2.667e+72
        2.950e+72
        3.264e+72
        3.611e+72
        3.995e+72
        4.419e+72
        4.889e+72
        5.408e+72
        5.983e+72
        6.619e+72
        7.323e+72
        8.101e+72
        8.962e+72
        9.915e+72
        1.097e+73
        1.213e+73
        1.342e+73
        1.485e+73
        1.643e+73
        1.818e+73
        2.011e+73
        2.224e+73
        2.461e+73
        2.722e+73
        3.012e+73
        3.332e+73
        3.686e+73
        4.078e+73
        4.511e+73
        4.991e+73
        5.521e+73
        6.108e+73
        6.757e+73
        7.476e+73
        8.270e+73
        9.149e+73
        1.012e+74
        1.120e+74
        1.239e+74
        1.370e+74
        1.516e+74
        1.677e+74
        1.855e+74
        2.053e+74
        2.271e+74
        2.512e+74
        2.779e+74
        3.075e+74
        3.401e+74
        3.763e+74
        4.163e+74
        4.605e+74
        5.095e+74
        5.636e+74
        6.236e+74
        6.898e+74
        7.632e+74
        8.443e+74
        9.340e+74
        1.033e+75
        1.143e+75
        1.265e+75
        1.399e+75
        1.548e+75
        1.712e+75
        1.894e+75
        2.096e+75
        2.318e+75
        2.565e+75
        2.837e+75
        3.139e+75
        3.472e+75
        3.842e+75
        4.250e+75
        4.702e+75
        5.201e+75
        5.754e+75
        6.366e+75
        7.042e+75
        7.791e+75
        8.619e+75
        9.535e+75
        1.055e+76
        1.167e+76
        1.291e+76
        1.428e+76
        1.580e+76
        1.748e+76
        1.934e+76
        2.139e+76
        2.367e+76
        2.618e+76
        2.896e+76
        3.204e+76
        3.545e+76
        3.922e+76
        4.338e+76
        4.800e+76
        5.310e+76
        5.874e+76
        6.498e+76
        7.189e+76
        7.953e+76
        8.799e+76
        9.734e+76
        1.077e+77
        1.191e+77
        1.318e+77
        1.458e+77
        1.613e+77
        1.784e+77
        1.974e+77
        2.184e+77
        2.416e+77
        2.673e+77
        2.957e+77
        3.271e+77
        3.619e+77
        4.003e+77
        4.429e+77
        4.900e+77
        5.421e+77
        5.997e+77
        6.634e+77
        7.339e+77
        8.119e+77
        8.982e+77
        9.937e+77
        1.099e+78
        1.216e+78
        1.345e+78
        1.488e+78
        1.647e+78
        1.822e+78
        2.015e+78
        2.229e+78
        2.466e+78
        2.729e+78
        3.019e+78
        3.339e+78
        3.694e+78
        4.087e+78
        4.521e+78
        5.002e+78
        5.534e+78
        6.122e+78
        6.772e+78
        7.492e+78
        8.289e+78
        9.170e+78
        1.014e+79
        1.122e+79
        1.242e+79
        1.373e+79
        1.519e+79
        1.681e+79
        1.860e+79
        2.057e+79
        2.276e+79
        2.518e+79
        2.785e+79
        3.082e+79
        3.409e+79
        3.771e+79
        4.172e+79
        4.616e+79
        5.106e+79
        5.649e+79
        6.249e+79
        6.914e+79
        7.649e+79
        8.462e+79
        9.361e+79
        1.036e+80
        1.146e+80
        1.267e+80
        1.402e+80
        1.551e+80
        1.716e+80
        1.898e+80
        2.100e+80
        2.323e+80
        2.570e+80
        2.844e+80
        3.146e+80
        3.480e+80
        3.850e+80
        4.259e+80
        4.712e+80
        5.213e+80
        5.767e+80
        6.380e+80
        7.058e+80
        7.808e+80
        8.638e+80
        9.556e+80
        1.057e+81
        1.170e+81
        1.294e+81
        1.431e+81
        1.584e+81
        1.752e+81
        1.938e+81
        2.144e+81
        2.372e+81
        2.624e+81
        2.903e+81
        3.211e+81
        3.553e+81
        3.930e+81
        4.348e+81
        4.810e+81
        5.322e+81
        5.887e+81
        6.513e+81
        7.205e+81
        7.971e+81
        8.818e+81
        9.756e+81
        1.079e+82
        1.194e+82
        1.321e+82
        1.461e+82
        1.617e+82
        1.788e+82
        1.978e+82
        2.189e+82
        2.421e+82
        2.679e+82
        2.963e+82
        3.278e+82
        3.627e+82
        4.012e+82
        4.439e+82
        4.911e+82
        5.433e+82
        6.010e+82
        6.649e+82
        7.356e+82
        8.137e+82
        9.002e+82
        9.959e+82
        1.102e+83
        1.219e+83
        1.348e+83
        1.492e+83
        1.650e+83
        1.826e+83
        2.020e+83
        2.234e+83
        2.472e+83
        2.735e+83
        3.025e+83
        3.347e+83
        3.703e+83
        4.096e+83
        4.531e+83
        5.013e+83
        5.546e+83
        6.135e+83
        6.788e+83
        7.509e+83
        8.307e+83
        9.190e+83
        1.017e+84
        1.125e+84
        1.244e+84
        1.377e+84
        1.523e+84
        1.685e+84
        1.864e+84
        2.062e+84
        2.281e+84
        2.523e+84
        2.792e+84
        3.088e+84
        3.417e+84
        3.780e+84
        4.182e+84
        4.626e+84
        5.118e+84
        5.662e+84
        6.263e+84
        6.929e+84
        7.666e+84
        8.480e+84
        9.382e+84
        1.038e+85
        1.148e+85
        1.270e+85
        1.405e+85
        1.555e+85
        1.720e+85
        1.903e+85
        2.105e+85
        2.329e+85
        2.576e+85
        2.850e+85
        3.153e+85
        3.488e+85
        3.859e+85
        4.269e+85
        4.723e+85
        5.224e+85
        5.780e+85
        6.394e+85
        7.074e+85
        7.826e+85
        8.657e+85
        9.577e+85
        1.060e+86
        1.172e+86
        1.297e+86
        1.435e+86
        1.587e+86
        1.756e+86
        1.942e+86
        2.149e+86
        2.377e+86
        2.630e+86
        2.909e+86
        3.219e+86
        3.561e+86
        3.939e+86
        4.358e+86
        4.821e+86
        5.333e+86
        5.900e+86
        6.527e+86
        7.221e+86
        7.989e+86
        8.838e+86
        9.777e+86
        1.082e+87
        1.197e+87
        1.324e+87
        1.465e+87
        1.620e+87
        1.792e+87
        1.983e+87
        2.194e+87
        2.427e+87
        2.685e+87
        2.970e+87
        3.286e+87
        3.635e+87
        4.021e+87
        4.449e+87
        4.922e+87
        5.445e+87
        6.023e+87
        6.664e+87
        7.372e+87
        8.155e+87
        9.022e+87
        9.981e+87
        1.104e+88
        1.222e+88
        1.351e+88
        1.495e+88
        1.654e+88
        1.830e+88
        2.024e+88
        2.239e+88
        2.477e+88
        2.741e+88
        3.032e+88
        3.354e+88
        3.711e+88
        4.105e+88
        4.542e+88
        5.024e+88
        5.558e+88
        6.149e+88
        6.803e+88
        7.526e+88
        8.326e+88
        9.210e+88
        1.019e+89
        1.127e+89
        1.247e+89
        1.380e+89
        1.526e+89
        1.688e+89
        1.868e+89
        2.066e+89
        2.286e+89
        2.529e+89
        2.798e+89
        3.095e+89
        3.424e+89
        3.788e+89
        4.191e+89
        4.636e+89
        5.129e+89
        5.674e+89
        6.277e+89
        6.945e+89
        7.683e+89
        8.499e+89
        9.403e+89
        1.040e+90
        1.151e+90
        1.273e+90
        1.408e+90
        1.558e+90
        1.724e+90
        1.907e+90
        2.110e+90
        2.334e+90
        2.582e+90
        2.856e+90
        3.160e+90
        3.496e+90
        3.867e+90
        4.278e+90
        4.733e+90
        5.236e+90
        5.793e+90
        6.408e+90
        7.089e+90
        7.843e+90
        8.677e+90
        9.599e+90
        1.062e+91
        1.175e+91
        1.300e+91
        1.438e+91
        1.591e+91
        1.760e+91
        1.947e+91
        2.154e+91
        2.382e+91
        2.636e+91
        2.916e+91
        3.226e+91
        3.569e+91
        3.948e+91
        4.368e+91
        4.832e+91
        5.345e+91
        5.913e+91
        6.542e+91
        7.237e+91
        8.007e+91
        8.858e+91
        9.799e+91
        1.084e+92
        1.199e+92
        1.327e+92
        1.468e+92
        1.624e+92
        1.796e+92
        1.987e+92
        2.199e+92
        2.432e+92
        2.691e+92
        2.977e+92
        3.293e+92
        3.643e+92
        4.030e+92
        4.459e+92
        4.933e+92
        5.457e+92
        6.037e+92
        6.678e+92
        7.388e+92
        8.174e+92
        9.042e+92
        1.000e+93
        1.107e+93
        1.224e+93
        1.354e+93
        1.498e+93
        1.658e+93
        1.834e+93
        2.029e+93
        2.244e+93
        2.483e+93
        2.747e+93
        3.039e+93
        3.362e+93
        3.719e+93
        4.114e+93
        4.552e+93
        5.035e+93
        5.571e+93
        6.163e+93
        6.818e+93
        7.542e+93
        8.344e+93
        9.231e+93
        1.021e+94
        1.130e+94
        1.250e+94
        1.383e+94
        1.530e+94
        1.692e+94
        1.872e+94
        2.071e+94
        2.291e+94
        2.535e+94
        2.804e+94
        3.102e+94
        3.432e+94
        3.797e+94
        4.200e+94
        4.647e+94
        5.141e+94
        5.687e+94
        6.291e+94
        6.960e+94
        7.700e+94
        8.518e+94
        9.424e+94
        1.043e+95
        1.153e+95
        1.276e+95
        1.412e+95
        1.562e+95
        1.728e+95
        1.911e+95
        2.114e+95
        2.339e+95
        2.588e+95
        2.863e+95
        3.167e+95
        3.504e+95
        3.876e+95
        4.288e+95
        4.744e+95
        5.248e+95
        5.806e+95
        6.423e+95
        7.105e+95
        7.860e+95
        8.696e+95
        9.620e+95
        1.064e+96
        1.177e+96
        1.303e+96
        1.441e+96
        1.594e+96
        1.764e+96
        1.951e+96
        2.158e+96
        2.388e+96
        2.642e+96
        2.922e+96
        3.233e+96
        3.577e+96
        3.957e+96
        4.377e+96
        4.843e+96
        5.357e+96
        5.927e+96
        6.557e+96
        7.253e+96
        8.024e+96
        8.877e+96
        9.821e+96
        1.086e+97
        1.202e+97
        1.330e+97
        1.471e+97
        1.627e+97
        1.800e+97
        1.992e+97
        2.203e+97
        2.438e+97
        2.697e+97
        2.983e+97
        3.300e+97
        3.651e+97
        4.039e+97
        4.469e+97
        4.944e+97
        5.469e+97
        6.050e+97
        6.693e+97
        7.405e+97
        8.192e+97
        9.063e+97
        1.003e+98
        1.109e+98
        1.227e+98
        1.357e+98
        1.502e+98
        1.661e+98
        1.838e+98
        2.033e+98
        2.249e+98
        2.488e+98
        2.753e+98
        3.046e+98
        3.369e+98
        3.727e+98
        4.124e+98
        4.562e+98
        5.047e+98
        5.583e+98
        6.177e+98
        6.833e+98
        7.559e+98
        8.363e+98
        9.252e+98
        1.023e+99
        1.132e+99
        1.253e+99
        1.386e+99
        1.533e+99
        1.696e+99
        1.876e+99
        2.076e+99
        2.296e+99
        2.540e+99
        2.810e+99
        3.109e+99
        3.440e+99
        3.805e+99
        4.210e+99
        4.657e+99
        5.152e+99
        5.700e+99
        6.305e+99
        6.976e+99
        7.717e+99
        8.537e+99
        9.445e+99
        1.045e+100
        1.156e+100
        1.279e+100
        1.415e+100
        1.565e+100
        1.731e+100
        1.915e+100
        2.119e+100
        2.344e+100
        2.593e+100
        2.869e+100
        3.174e+100
        3.511e+100
        3.885e+100
        4.297e+100
        4.754e+100
        5.259e+100
        5.818e+100
        6.437e+100
        7.121e+100
        7.878e+100
        8.715e+100
        9.642e+100
        1.067e+101
        1.180e+101
        1.305e+101
        1.444e+101
        1.598e+101
        1.767e+101
        1.955e+101
        2.163e+101
        2.393e+101
        2.647e+101
        2.929e+101
        3.240e+101
        3.585e+101
        3.966e+101
        4.387e+101
        4.853e+101
        5.369e+101
        5.940e+101
        6.571e+101
        7.270e+101
        8.042e+101
        8.897e+101
        9.843e+101
        1.089e+102
        1.205e+102
        1.333e+102
        1.474e+102
        1.631e+102
        1.804e+102
        1.996e+102
        2.208e+102
        2.443e+102
        2.703e+102
        2.990e+102
        3.308e+102
        3.659e+102
        4.048e+102
        4.479e+102
        4.955e+102
        5.481e+102
        6.064e+102
        6.708e+102
        7.421e+102
        8.210e+102
        9.083e+102
        1.005e+103
        1.112e+103
        1.230e+103
        1.360e+103
        1.505e+103
        1.665e+103
        1.842e+103
        2.038e+103
        2.254e+103
        2.494e+103
        2.759e+103
        3.052e+103
        3.377e+103
        3.736e+103
        4.133e+103
        4.572e+103
        5.058e+103
        5.596e+103
        6.190e+103
        6.848e+103
        7.576e+103
        8.381e+103
        9.272e+103
        1.026e+104
        1.135e+104
        1.255e+104
        1.389e+104
        1.536e+104
        1.700e+104
        1.880e+104
        2.080e+104
        2.301e+104
        2.546e+104
        2.817e+104
        3.116e+104
        3.447e+104
        3.814e+104
        4.219e+104
        4.667e+104
        5.163e+104
        5.712e+104
        6.319e+104
        6.991e+104
        7.734e+104
        8.556e+104
        9.466e+104
        1.047e+105
        1.158e+105
        1.282e+105
        1.418e+105
        1.569e+105
        1.735e+105
        1.920e+105
        2.124e+105
        2.349e+105
        2.599e+105
        2.875e+105
        3.181e+105
        3.519e+105
        3.893e+105
        4.307e+105
        4.765e+105
        5.271e+105
        5.831e+105
        6.451e+105
        7.137e+105
        7.896e+105
        8.735e+105
        9.663e+105
        1.069e+106
        1.183e+106
        1.308e+106
        1.447e+106
        1.601e+106
        1.771e+106
        1.960e+106
        2.168e+106
        2.398e+106
        2.653e+106
        2.935e+106
        3.247e+106
        3.593e+106
        3.974e+106
        4.397e+106
        4.864e+106
        5.381e+106
        5.953e+106
        6.586e+106
        7.286e+106
        8.060e+106
        8.917e+106
        9.865e+106
        1.091e+107
        1.207e+107
        1.336e+107
        1.478e+107
        1.635e+107
        1.808e+107
        2.001e+107
        2.213e+107
        2.448e+107
        2.709e+107
        2.997e+107
        3.315e+107
        3.667e+107
        4.057e+107
        4.489e+107
        4.966e+107
        5.493e+107
        6.077e+107
        6.723e+107
        7.438e+107
        8.228e+107
        9.103e+107
        1.007e+108
        1.114e+108
        1.233e+108
        1.364e+108
        1.508e+108
        1.669e+108
        1.846e+108
        2.042e+108
        2.259e+108
        2.500e+108
        2.765e+108
        3.059e+108
        3.384e+108
        3.744e+108
        4.142e+108
        4.582e+108
        5.069e+108
        5.608e+108
        6.204e+108
        6.864e+108
        7.593e+108
        8.400e+108
        9.293e+108
        1.028e+109
        1.137e+109
        1.258e+109
        1.392e+109
        1.540e+109
        1.704e+109
        1.885e+109
        2.085e+109
        2.307e+109
        2.552e+109
        2.823e+109
        3.123e+109
        3.455e+109
        3.822e+109
        4.228e+109
        4.678e+109
        5.175e+109
        5.725e+109
        6.334e+109
        7.007e+109
        7.751e+109
        8.575e+109
        9.487e+109
        1.050e+110
        1.161e+110
        1.284e+110
        1.421e+110
        1.572e+110
        1.739e+110
        1.924e+110
        2.128e+110
        2.355e+110
        2.605e+110
        2.882e+110
        3.188e+110
        3.527e+110
        3.902e+110
        4.317e+110
        4.775e+110
        5.283e+110
        5.844e+110
        6.466e+110
        7.153e+110
        7.913e+110
        8.754e+110
        9.685e+110
        1.071e+111
        1.185e+111
        1.311e+111
        1.451e+111
        1.605e+111
        1.775e+111
        1.964e+111
        2.173e+111
        2.404e+111
        2.659e+111
        2.942e+111
        3.255e+111
        3.601e+111
        3.983e+111
        4.407e+111
        4.875e+111
        5.393e+111
        5.966e+111
        6.601e+111
        7.302e+111
        8.078e+111
        8.937e+111
        9.887e+111
        1.094e+112
        1.210e+112
        1.339e+112
        1.481e+112
        1.638e+112
        1.812e+112
        2.005e+112
        2.218e+112
        2.454e+112
        2.715e+112
        3.003e+112
        3.323e+112
        3.676e+112
        4.066e+112
        4.499e+112
        4.977e+112
        5.506e+112
        6.091e+112
        6.738e+112
        7.454e+112
        8.247e+112
        9.123e+112
        1.009e+113
        1.117e+113
        1.235e+113
        1.367e+113
        1.512e+113
        1.672e+113
        1.850e+113
        2.047e+113
        2.264e+113
        2.505e+113
        2.771e+113
        3.066e+113
        3.392e+113
        3.752e+113
        4.151e+113
        4.592e+113
        5.081e+113
        5.621e+113
        6.218e+113
        6.879e+113
        7.610e+113
        8.419e+113
        9.314e+113
        1.030e+114
        1.140e+114
        1.261e+114
        1.395e+114
        1.543e+114
        1.707e+114
        1.889e+114
        2.090e+114
        2.312e+114
        2.557e+114
        2.829e+114
        3.130e+114
        3.463e+114
        3.831e+114
        4.238e+114
        4.688e+114
        5.187e+114
        5.738e+114
        6.348e+114
        7.022e+114
        7.769e+114
        8.594e+114
        9.508e+114
        1.052e+115
        1.164e+115
        1.287e+115
        1.424e+115
        1.576e+115
        1.743e+115
        1.928e+115
        2.133e+115
        2.360e+115
        2.611e+115
        2.888e+115
        3.195e+115
        3.535e+115
        3.911e+115
        4.326e+115
        4.786e+115
        5.295e+115
        5.857e+115
        6.480e+115
        7.169e+115
        7.931e+115
        8.774e+115
        9.706e+115
        1.074e+116
        1.188e+116
        1.314e+116
        1.454e+116
        1.608e+116
        1.779e+116
        1.968e+116
        2.178e+116
        2.409e+116
        2.665e+116
        2.948e+116
        3.262e+116
        3.609e+116
        3.992e+116
        4.416e+116
        4.886e+116
        5.405e+116
        5.980e+116
        6.615e+116
        7.318e+116
        8.096e+116
        8.957e+116
        9.909e+116
        1.096e+117
        1.213e+117
        1.342e+117
        1.484e+117
        1.642e+117
        1.816e+117
        2.010e+117
        2.223e+117
        2.459e+117
        2.721e+117
        3.010e+117
        3.330e+117
        3.684e+117
        4.075e+117
        4.509e+117
        4.988e+117
        5.518e+117
        6.104e+117
        6.753e+117
        7.471e+117
        8.265e+117
        9.144e+117
        1.012e+118
        1.119e+118
        1.238e+118
        1.370e+118
        1.515e+118
        1.676e+118
        1.854e+118
        2.051e+118
        2.269e+118
        2.511e+118
        2.778e+118
        3.073e+118
        3.399e+118
        3.761e+118
        4.160e+118
        4.603e+118
        5.092e+118
        5.633e+118
        6.232e+118
        6.894e+118
        7.627e+118
        8.438e+118
        9.334e+118
        1.033e+119
        1.142e+119
        1.264e+119
        1.398e+119
        1.547e+119
        1.711e+119
        1.893e+119
        2.094e+119
        2.317e+119
        2.563e+119
        2.836e+119
        3.137e+119
        3.470e+119
        3.839e+119
        4.247e+119
        4.699e+119
        5.198e+119
        5.751e+119
        6.362e+119
        7.038e+119
        7.786e+119
        8.614e+119
        9.529e+119
        1.054e+120
        1.166e+120
        1.290e+120
        1.427e+120
        1.579e+120
        1.747e+120
        1.933e+120
        2.138e+120
        2.365e+120
        2.617e+120
        2.895e+120
        3.202e+120
        3.543e+120
        3.919e+120
        4.336e+120
        4.797e+120
        5.307e+120
        5.871e+120
        6.494e+120
        7.185e+120
        7.948e+120
        8.793e+120
        9.728e+120
        1.076e+121
        1.191e+121
        1.317e+121
        1.457e+121
        1.612e+121
        1.783e+121
        1.973e+121
        2.183e+121
        2.415e+121
        2.671e+121
        2.955e+121
        3.269e+121
        3.617e+121
        4.001e+121
        4.426e+121
        4.897e+121
        5.417e+121
        5.993e+121
        6.630e+121
        7.335e+121
        8.114e+121
        8.977e+121
        9.931e+121
        1.099e+122
        1.215e+122
        1.345e+122
        1.488e+122
        1.646e+122
        1.821e+122
        2.014e+122
        2.228e+122
        2.465e+122
        2.727e+122
        3.017e+122
        3.337e+122
        3.692e+122
        4.084e+122
        4.519e+122
        4.999e+122
        5.530e+122
        6.118e+122
        6.768e+122
        7.488e+122
        8.284e+122
        9.164e+122
        1.014e+123
        1.122e+123
        1.241e+123
        1.373e+123
        1.519e+123
        1.680e+123
        1.858e+123
        2.056e+123
        2.275e+123
        2.516e+123
        2.784e+123
        3.080e+123
        3.407e+123
        3.769e+123
        4.170e+123
        4.613e+123
        5.103e+123
        5.646e+123
        6.246e+123
        6.909e+123
        7.644e+123
        8.456e+123
        9.355e+123
        1.035e+124
        1.145e+124
        1.267e+124
        1.401e+124
        1.550e+124
        1.715e+124
        1.897e+124
        2.099e+124
        2.322e+124
        2.569e+124
        2.842e+124
        3.144e+124
        3.478e+124
        3.848e+124
        4.257e+124
        4.709e+124
        5.210e+124
        5.763e+124
        6.376e+124
        7.054e+124
        7.803e+124
        8.633e+124
        9.550e+124
        1.057e+125
        1.169e+125
        1.293e+125
        1.431e+125
        1.583e+125
        1.751e+125
        1.937e+125
        2.143e+125
        2.370e+125
        2.622e+125
        2.901e+125
        3.209e+125
        3.551e+125
        3.928e+125
        4.345e+125
        4.807e+125
        5.318e+125
        5.884e+125
        6.509e+125
        7.201e+125
        7.966e+125
        8.813e+125
        9.750e+125
        1.079e+126
        1.193e+126
        1.320e+126
        1.460e+126
        1.616e+126
        1.787e+126
        1.977e+126
        2.187e+126
        2.420e+126
        2.677e+126
        2.962e+126
        3.276e+126
        3.625e+126
        4.010e+126
        4.436e+126
        4.908e+126
        5.429e+126
        6.006e+126
        6.645e+126
        7.351e+126
        8.132e+126
        8.997e+126
        9.953e+126
        1.101e+127
        1.218e+127
        1.348e+127
        1.491e+127
        1.649e+127
        1.825e+127
        2.018e+127
        2.233e+127
        2.470e+127
        2.733e+127
        3.023e+127
        3.345e+127
        3.700e+127
        4.094e+127
        4.529e+127
        5.010e+127
        5.543e+127
        6.132e+127
        6.783e+127
        7.504e+127
        8.302e+127
        9.184e+127
        1.016e+128
        1.124e+128
        1.244e+128
        1.376e+128
        1.522e+128
        1.684e+128
        1.863e+128
        2.061e+128
        2.280e+128
        2.522e+128
        2.790e+128
        3.087e+128
        3.415e+128
        3.777e+128
        4.179e+128
        4.623e+128
        5.115e+128
        5.658e+128
        6.260e+128
        6.925e+128
        7.661e+128
        8.475e+128
        9.376e+128
        1.037e+129
        1.148e+129
        1.269e+129
        1.404e+129
        1.554e+129
        1.719e+129
        1.901e+129
        2.104e+129
        2.327e+129
        2.575e+129
        2.848e+129
        3.151e+129
        3.486e+129
        3.856e+129
        4.266e+129
        4.720e+129
        5.221e+129
        5.776e+129
        6.390e+129
        7.069e+129
        7.821e+129
        8.652e+129
        9.572e+129
        1.059e+130
        1.171e+130
        1.296e+130
        1.434e+130
        1.586e+130
        1.755e+130
        1.941e+130
        2.147e+130
        2.376e+130
        2.628e+130
        2.908e+130
        3.217e+130
        3.559e+130
        3.937e+130
        4.355e+130
        4.818e+130
        5.330e+130
        5.897e+130
        6.523e+130
        7.217e+130
        7.984e+130
        8.832e+130
        9.771e+130
        1.081e+131
        1.196e+131
        1.323e+131
        1.464e+131
        1.619e+131
        1.791e+131
        1.982e+131
        2.192e+131
        2.425e+131
        2.683e+131
        2.968e+131
        3.284e+131
        3.633e+131
        4.019e+131
        4.446e+131
        4.919e+131
        5.441e+131
        6.020e+131
        6.660e+131
        7.367e+131
        8.150e+131
        9.017e+131
        9.975e+131
        1.104e+132
        1.221e+132
        1.351e+132
        1.494e+132
        1.653e+132
        1.829e+132
        2.023e+132
        2.238e+132
        2.476e+132
        2.739e+132
        3.030e+132
        3.352e+132
        3.709e+132
        4.103e+132
        4.539e+132
        5.021e+132
        5.555e+132
        6.145e+132
        6.798e+132
        7.521e+132
        8.320e+132
        9.205e+132
        1.018e+133
        1.127e+133
        1.246e+133
        1.379e+133
        1.525e+133
        1.687e+133
        1.867e+133
        2.065e+133
        2.285e+133
        2.528e+133
        2.796e+133
        3.093e+133
        3.422e+133
        3.786e+133
        4.188e+133
        4.633e+133
        5.126e+133
        5.671e+133
        6.274e+133
        6.940e+133
        7.678e+133
        8.494e+133
        9.397e+133
        1.040e+134
        1.150e+134
        1.272e+134
