  20000.
  10.
 -1.2093092  0.64475536  1.04834964 -0.64454937  1.30183893 -1.17148339
  0.226416501  0.232902319  0.882351268  0.0383567477  0.193300113 -1.63650815
  0.59894172 -1.00315014 -1.00198041  0.522152163 -0.501740582  0.927666941
 -0.165354084 -1.35375605  0.0561287868  0.742071345 -0.0710631277  0.883315931
 -0.62805358 -0.0174639067 -0.722502742 -0.659267612 -0.105941334  0.615141628
 -0.713424936 -0.0767184331 -0.56470254 -1.50244976  0.522421083  0.698490819
  0.165873865  0.323602594  0.439925663 -0.468572261 -1.69389849 -0.929578383
 -1.01102156  0.0117747208 -0.0687444939 -0.930527831 -1.00817878 -1.35459844
 -0.435087398 -1.52397264 -1.94676671 -0.229563844 -1.0999902 -0.543694186
  0.914519393 -0.126121765  1.2186022 -0.0371880658  0.668605024 -0.721182849
  0.405478291  0.546344556 -1.26184717 -1.33263507  1.62649327  1.12957767
 -1.91076787 -0.45273  1.69475279 -0.414932459 -0.024108657  0.507236742
 -0.456940565 -0.515405171  0.206557291  0.168141645 -0.1393204 -1.26780496
  1.64193296 -0.703240078 -0.328750417  0.983146907  1.41780949  1.57197313
  0.395569135 -0.00246708011 -0.47496126 -0.616565697  1.0232337 -1.25453903
 -0.0861382965  1.6679234  0.42276513  0.265116791  0.771906716  1.38084975
  0.390453721  0.392471679  0.611589333  0.855699554 -0.751072596  0.874102001
 -1.70573469  0.591316229 -0.332533548  0.628251687  0.357009544  0.826485156
 -0.537376199 -1.24984331  0.540551322 -0.439469721 -0.662946088  1.78961092
 -0.951481905  1.06965847  1.05483964  0.135896121 -1.6974822  0.787234075
 -0.309453689  0.403190299  0.156674044 -1.08645001 -1.18858251 -1.50373588
  0.833844429 -0.806354579  1.48820717  1.89431469  0.10903312 -0.218137085
 -1.66417838  0.602121596  0.40395358  0.266034216  0.205227366  0.229706987
 -0.62621115 -1.17619258 -0.100561453  0.944956904  0.643031938  1.34807096
  0.151089054 -1.72437675  1.41544493  0.691464717 -0.32912333 -0.485669664
  1.16425171 -0.747359156  1.86452709 -0.179185284 -1.75598133 -0.819962677
  1.73944057 -1.13606563 -0.368245695 -0.676165145 -0.0363252498 -0.291986581
 -0.614564687 -0.399449184  0.382966361 -0.58780019 -1.48802219  0.223672497
 -0.353207624  0.253418198  0.416355927  0.831674753  0.501317642 -1.02044155
  0.0684502352  1.72424498 -1.10764736  1.57005899  1.66164514 -0.238609095
  0.813609547  0.470152703  0.307392323  0.711226298  0.567364748 -0.845016548
  0.799526674  0.158830571  0.360857795 -0.190846039 -0.673950259  0.407898731
  1.47538026  1.17621559  1.16214014 -0.228909724 -0.946328772 -0.577373715
  0.175770997 -1.84774503  1.91263958  1.6313619 -0.329437426 -0.330260327
  1.72531509  0.173273464  0.885630873  0.69610018  1.07632378 -1.71909974
 -0.775446898 -1.10920557  0.087120065  1.17541111 -1.08057333  0.579933712
  0.924715358  1.19264751 -1.26967517  0.928971314 -1.75762386 -0.231459724
 -0.104334828 -1.03402043  0.614985901 -1.0068652  0.604182086  0.020816424
 -0.312130678 -0.801797489  0.190691394  0.0391861194  0.542806631  0.609079334
 -0.308053142  0.887594811 -0.390370107  1.02634747 -0.942286152  0.0642841268
  1.62903092  1.69825694 -0.210495909  0.52001709  1.06899681 -1.6480249
 -0.527985378  1.22562583  0.221799599 -0.0318235218  0.887502194  0.732811367
  1.6115137  0.159371352 -0.17237221  0.384504169  0.947551982 -0.139367842
  1.38213876 -0.0694503158 -0.412500445  0.178592346  0.273105547 -0.472497382
  1.5201441 -1.24507089  1.43357376 -0.900208659  0.823041386 -0.193221594
 -0.76334986 -1.41703137 -0.142349569 -0.440901041 -0.81035106  0.708404527
  0.323281189  1.17817648 -0.144363816 -0.35569062 -0.170356837 -0.501164118
 -0.629829514  0.129205469 -0.642347512 -0.0686004905  0.702880077 -0.525907778
 -1.3046378  0.123918665  0.36516364 -0.375330019 -0.267021493  0.544063798
  0.200158035 -1.24008397 -0.482802839  0.471680005 -0.410010362  0.22544426
  0.678450583  1.54513181 -0.783133891 -0.464429719  0.454821113 -0.446675105
 -0.720528788  1.21972617 -1.42077272  1.00374479  0.396401321 -0.490797098
  1.06534117 -1.19899829 -0.824000306  0.0231137011 -1.6669872  1.42552126
  0.691464528 -1.21789723  1.05532144  0.908197874 -0.635641908 -0.946281959
 -0.146361945 -0.241764962  0.569080301  0.42017462 -0.29636006  0.384993067
 -1.91899512 -0.00431692731 -0.89021895 -0.292038463 -0.13868847  0.0459641128
 -0.761699549  0.740907133  0.538558895 -0.401082144  0.339415333  0.482924001
 -1.75750693 -1.50733242  0.0433508742  0.643111221 -0.802073582 -0.736977184
 -1.61523519 -0.487303506 -1.01374073  1.22117063  0.0998319759  0.0452707383
 -1.47555181  0.367263115  0.411752607  0.504910252 -0.405129496  0.0656443632
 -0.134777135 -0.125329558 -0.509483638 -0.502931985  1.75758187  0.416218323
  0.0031009022 -0.149708049 -0.634943356  0.00416888354  1.37520248
 -0.607184241 -0.145843368 -0.338888945  0.431853882 -1.00158179  1.60715012
  1.25673712  0.762590794  0.560890543  0.558804834 -0.633130126  0.281990385
  0.689066026  0.262687642  1.55389148 -0.258480449  0.233826896 -0.214247569
 -0.132843592 -1.65244239 -1.22917272  0.697519599 -1.27144672 -0.246921307
  0.477136595  0.369429077 -0.472677979  1.06426737  1.29563444 -0.344587077
  1.54450657  0.380799407  0.0831377492 -0.89832199  0.0336208325 -1.31413919
 -0.29050436  0.593616344 -1.06745648  0.147324794 -0.564871968 -0.506172239
 -0.504218377 -1.8097484 -0.269888396  1.86104915  0.0227789655  0.628963393
  1.00717711  0.169106497  0.888894775  0.76172473  0.155132307  0.41510728
 -0.969675454 -0.643488712 -0.134939006  0.720663879  0.568916797 -0.64034057
  0.474774971 -0.719780203 -0.422385515  0.887878664  0.834574869  0.716034923
 -1.05274828 -0.65147419  1.41578108  0.344798995 -0.543945048  0.717795649
  0.489366891 -0.0644831238 -1.00624689  0.785195902  0.371652101  0.870271593
 -0.203757771 -0.0969493611  0.84691764 -1.2709591  0.46710471  0.666810081
  1.30645563  0.0733438176  1.03469857  0.490983786 -1.03083257  0.414808246
  0.281524818  0.286357977 -1.53967829  0.811739985  0.727085152 -0.592072775
 -0.910205702  0.611897381  1.07080535  0.62773143 -0.046682592  1.14925147
 -1.04128363 -1.42226829  0.184510353 -0.844685826 -0.106522861  1.0275821
  0.433828156 -0.609786514  1.3449924  0.317493729  0.788775858  1.21965315
 -0.719537669 -1.45874119 -0.703236661  0.738585111 -0.377131638  1.13241401
 -0.0403019524  0.0201829402 -0.607246659 -1.0964075  0.578546382  0.0339303924
  0.131916547 -0.320818803  1.36519606  0.56688032  0.55312679 -0.55269771
 -1.30484065  0.126446375 -0.826960684 -1.52184013 -0.901585735 -0.840698883
 -0.230260762 -0.0740452611 -1.27564822 -0.166693953 -0.525295046 -0.861004261
  0.0536989833  1.45293117  0.74673954 -0.212817322  0.116453448  0.326888456
 -1.31108937 -0.0242229094  0.299302406 -0.556415283  0.885289165  0.797405295
 -0.497021936  0.781197063 -0.0248866019  1.07001499 -0.542578446 -0.676218365
  0.381108884  1.12696336  0.664589221  1.00468628 -1.00950784  0.161439208
 -0.0245573291 -0.439418863  0.801278549 -0.723498802 -0.263309339  1.51001959
  0.0232182843  0.252001741 -0.0386584259 -0.754994608 -0.487665038  1.47565916
 -1.5543408 -0.330437099 -0.784188632 -0.0907334453 -0.404216869 -0.887651694
 -0.910044635 -0.350909469  0.735927899  0.364364125  1.82702554  0.411945874
  0.233350181  1.12367005 -0.403699447  0.257025531 -0.798752366 -0.73780887
 -0.572223855  0.355697709 -0.79057091  0.140805832  0.771070326  1.24469354
  0.101133615  0.964580237 -0.246746871  0.532036881 -0.367842009 -0.821508592
 -0.335059645  0.385103158  1.72405541 -0.0990814424  0.0433735727 -0.27385537
  0.177578191  0.963053489  1.19150721 -0.21601778 -1.5507257  0.953533486
 -1.22531419 -0.304581459  0.392285739 -1.15052704  1.12068413 -1.93295225
  0.325843094 -0.394459881 -0.276816544  1.66390207 -1.20549011 -0.881926302
 -0.745037798 -0.151710028 -0.760819386 -0.220648923  0.0604590125
  0.0619323448  0.803543925  0.28086134  1.31849002 -0.530735873  1.12944685
 -0.151311427 -0.251857927  0.814752678  0.973534583 -0.179985898  1.64445168
 -1.63846344 -0.259759943  1.34908836 -0.208195953  0.433692808 -0.301823264
 -0.00480635241 -0.394739927 -0.250245808  0.450814258  0.874191618 -1.7393309
  1.03954238  0.549688537 -0.0588931504 -0.419293606  0.769019915  0.355776702
  1.21792612  0.444996721  1.79183236  0.361916076 -1.26186234 -0.653479335
  1.70873421 -0.161369353  0.434725723 -0.0147077599 -1.10019905  0.00504508107
  0.927111451  0.422287265  0.574869394 -0.334725579 -1.75981396 -0.125951715
 -0.335751877 -1.32808485  0.528038882 -0.569493279  0.691634867  0.717312642
 -0.196129002  1.10504015 -0.873845769 -1.48041819 -0.406722306  0.724547662
  1.38490094  0.429186404 -1.7302947  1.02691461  1.73268349  0.670675563
 -0.581045959  0.316364565  0.163489575 -1.11716335 -0.230414216  1.59056064
  1.8865244  1.38141292 -1.43015611 -0.0558513072 -1.00487259 -1.86001754
  0.872077946  0.818622687 -0.112729834 -0.780628956  0.670412763  1.50555193
 -0.97099351  0.728271468 -0.609463659  1.32236108  0.0716527531  1.1304296
 -0.176587577  0.853250736 -1.86701677 -0.0609210564  1.51775383  0.983778277
 -0.436188972 -0.901949017 -0.583083868 -0.161667328  0.56427519 -0.941162501
  0.913882453  1.12656503  0.0399764281 -0.961388894 -0.0632374882 -1.83054079
  0.573992265  1.14195703  0.492697733  0.931028574  0.0821183022 -0.9577897
  1.82681545 -0.344753578 -0.751278728  0.77847354  0.469257394 -0.950383928
  1.4963472  0.526833989 -0.0796327983  1.67283761 -1.25270534 -0.438841045
 -0.893962425  0.505081135  0.126527206 -0.824291524  0.6126748 -0.010045752
 -0.492849264 -1.22852096  0.0730182863 -0.643661579 -0.223852451 -1.89444109
  0.881930011  1.3080876  0.0987257903  0.306788651 -0.647750116  0.0481756689
  0.356333254 -0.119744774  1.86128395 -0.28708242  1.27644901 -0.866586497
 -0.881964454  0.627036148 -0.469736915  1.14250389 -1.26858369 -0.17443144
  0.312081484 -1.13354007 -0.341865242  0.640967335  0.101112947 -0.0651680581
  0.180009247  1.23881901  0.157249315 -1.10910992 -0.46388708 -0.490597854
  0.239886855 -1.37556534  1.05476148 -1.47126069  0.778082795  1.24271105
 -0.673612084  1.1642635  0.252907779 -0.00228113219 -0.102103372 -0.0737465552
 -0.248315623 -0.051188029  0.172496961 -0.156410882 -0.130915622  0.342622734
 -0.868889248 -0.214908965  0.217423775 -0.060820699  1.84734957 -0.700540814
  0.775855508 -0.900731558  0.843456212  1.33015729  0.415964755 -0.971104395
  0.195117286  0.187256702  0.0234334938  0.842049993  0.514063457
  0.0431386731  0.110347078 -0.0169796727 -0.643728312  1.27948605  0.199500223
 -1.31307367 -1.57069805  0.181732715 -0.182666543 -0.303436767  0.877616052
  0.381735973  0.550443306  0.932342081  0.85163512 -1.6169842 -0.956921875
  0.559366092 -0.783567278  0.622617057  0.313792427 -0.603968378 -0.0373430941
  0.894386654 -0.50804411 -0.312828984  1.22009028  0.522275475 -0.37272295
 -0.432056128 -0.320785708 -0.911759654  0.81568127 -1.69001164  0.721477911
  0.545443244 -0.821433043  1.05700737  0.311154486 -0.651996834 -1.13602273
 -0.518528269 -0.27951237 -0.670592588  0.338367642  0.907849704 -0.849191169
  1.17354186 -0.31583148  0.123672105 -0.619810898 -0.902945233 -0.359337046
  1.16884039 -0.0147999734 -0.073944947  1.85987058  0.10741938 -0.446462345
 -1.654242  0.905813132 -0.110677875 -1.0114354  0.627723432 -0.983769903
 -0.445464209  1.59112872  0.185298923 -0.00300690674  0.463865679  0.313680724
 -1.04984807  0.711152505 -0.183332982  0.251706187 -1.34469031 -1.56864354
  1.13287145  0.094307821 -0.075817782  1.83571911  1.39226439 -0.762363124
 -0.977768298 -0.438928009  0.50073151 -1.06083044 -0.932740649  1.25779954
  0.634706591 -0.327756882 -1.1683873  0.00417246763 -0.365854312 -0.0410512655
 -0.552769784  1.83013119  0.770735028  0.846034101 -1.62295941  0.547627446
  0.125089868  0.343886152 -1.65588081 -1.40219162  1.06710894 -0.938823309
  1.79363803 -1.31860109  0.847773229 -1.84106409  0.174817432 -0.361068327
 -0.291759866  0.186666998  1.59676879  0.194797907  0.575705046 -0.168985576
  0.699515782  1.19575898  0.485784772 -0.0707810992 -0.323883886 -1.61200605
  1.23203057 -1.32727278 -0.019718617  1.17853761 -0.64936702 -0.195149535
 -1.3544472 -1.39082877 -1.74921492  0.0631274774 -0.0825902533 -0.403447567
  0.323204866 -0.0582091672  0.0245724847 -0.0617123493 -0.917216007
 -0.284763055 -0.780278403 -1.543715  0.138133377 -0.266399292  0.419458963
  0.485667684  0.365407306  1.34984028  0.406394199  0.570571165  0.0784780388
  0.557591491 -0.545560188  1.9308015  1.34548739  0.726271694  1.36505407
 -0.38331062  0.837289921 -1.32331077  0.110186384  0.371390918 -0.635505466
 -0.234903492 -1.8085292  1.01271649 -0.137250952  0.640068974 -0.578251307
 -0.376910344 -0.831415264 -0.599462774  0.371464751 -0.515506418 -0.285132611
  0.742724127  1.59798497 -0.200560649 -1.35694912  0.192168058 -1.06088367
  0.854854808 -0.433856106  1.42907833  1.18679701  0.145777317  1.53794333
 -1.22649964  0.239086313 -0.854423109  0.175966145  0.21779453 -1.77492685
 -0.948512791 -0.962441313 -0.622060604  0.22549628  1.75816879  0.914329846
 -0.640131007 -0.456123127 -0.614554075  1.50275716 -0.283014412 -0.749682245
  0.0183523003 -0.374478796 -0.0329451913  0.361177675  0.206847107
  0.861797999 -1.14767511 -0.77125519  0.123976867 -1.74854164  0.779155464
  0.574209593  0.0703735256 -1.15601743  1.10120944 -0.0697899148  1.11143803
 -0.282606062  0.542050974 -0.186984711 -1.15497468  1.37471933  1.66774153
 -1.23291949 -0.672318987 -0.274730918 -1.37003223 -1.29805009  1.89244364
 -0.631139003  1.4755045  1.27451756 -0.190506702  1.52974319 -0.120912062
 -0.315139478 -0.712537758 -0.593845539  1.00342215  0.542968718 -0.183235638
  0.320370084 -0.0627140351 -0.460544722 -0.873312311  0.169474352 -1.27094779
 -0.101394416 -1.51256702 -0.463054915  0.167746516  0.980606946 -0.241486197
  0.837017619  0.891000859  1.17672102 -0.546383843  0.0807675821  0.36116349
 -0.668513495 -0.576584155  0.690611653  1.02776534 -1.7898062  0.459735365
 -0.502978617 -0.591332552 -0.00244453364  1.18936087  0.0929430528
  0.950255385  0.0542704223 -0.185290252 -0.605506475 -0.151996896 -0.832634585
  1.0533241 -0.858980084 -1.19782228  1.46068079  1.04539091 -1.5962222
  0.433419915  0.750429334 -0.473384721  0.719210561 -1.63742483  0.848053503
 -1.29485524 -0.182934232  1.12248389  0.2049322  1.04209734  0.161861996
  0.105415117  1.34971058 -0.487187053 -1.31116792 -1.25437362  0.159903101
 -1.33577497  0.140861738  0.109825705  0.924558515 -1.06653816  0.523103077
 -0.265156616  1.61813896  0.945840639 -1.81997191 -1.50050499 -0.717166184
 -1.52641094  1.42054078  0.49308757  0.261248255  1.77394756 -1.16213992
  0.0655951282  0.976488772 -0.357862943  1.25967094  1.765846 -0.0818285418
  1.60289393  1.59225184 -1.67382119  0.644211781  0.61340809  0.674662223
 -0.220510942  0.815325726 -1.02170157 -1.39556927 -0.235964842 -1.68794607
  1.64835644 -0.386596366 -1.13758469  0.473581908  0.501242274  0.42478813
  0.355101676  1.52080792  0.0786654245  0.31944127  0.080068631 -0.2977263
  1.87602993  0.570414714 -0.521241745 -1.10967476  0.518456403 -0.897562698
 -1.3440432  1.09174524  0.544118979  0.632931841  0.165622203 -1.12373136
 -1.15716881  0.527862532  0.318861509  1.21241416  1.01455382  0.189992594
  1.30242446 -0.781517742 -0.573229192  1.35422332 -0.164402743  0.447180968
  0.148652341  0.0488974004 -0.590788191  1.10011123  0.618991028 -0.792158211
 -0.399351869  0.185866638 -0.35879989 -0.177362818  1.00390408 -1.4865652
 -0.732446563  1.31823112  0.264668988  0.134731062  0.697928536 -0.837516643
 -0.965003048 -1.26549196  1.25677021 -0.878366869  0.418401849  0.887273381
 -1.39941367  0.911201504  1.2742593  1.56958494  0.495776133  0.980567635
  0.771319337 -1.90342203 -0.27112112  1.08305693 -1.0499911  0.44637261
 -1.20378802 -0.455791376 -1.62254022 -0.100923087 -0.515019674  0.839779411
 -0.292283207  0.35947144 -0.282087904 -0.229457233 -0.194714606 -0.347936009
  0.412061526  1.0666518  0.396496107 -1.46636615 -0.489580938 -1.17384365
 -1.02391065  0.847839048  0.281410285  0.232315492  0.491296412  0.080718034
 -0.443893868 -0.0466648378  1.27152504 -0.662980986 -0.54806701  1.16868636
 -0.122379388  0.65596093  0.29014237 -0.210345265  0.796720235  1.0190998
  0.223826809 -0.0662777499  1.17471665 -1.06106838  1.0099174 -0.105336801
  0.20469162  1.02312497 -0.409778972  1.60106901  1.7063612 -0.291252702
 -0.654996638 -0.550791026  0.430959658 -0.357946628 -0.660401906  0.0263963074
  0.0958328606  0.217213176  0.527582676 -0.190437281 -0.695273643
  0.0639072553  0.109444099 -0.529436343  1.82963749 -0.105545377  0.235563241
 -0.956243452  0.0583242658  0.934893803  0.951331735 -0.89006661 -0.814922842
  1.33889785  1.66452136  0.175850676 -1.72055117 -1.12359179 -0.555372469
 -0.0739917816 -0.0108623789  0.58934254  0.763605601 -1.64416802 -1.54441193
  0.24990822 -1.43599045 -1.49307426  1.09537693  0.552519602  1.37440768
  1.81083612  0.169583456  0.447452535 -1.74635625  0.346838399  0.995533145
 -0.643734031 -0.651739146  0.62681718  0.158666187 -0.046488645 -0.0327798272
 -0.157695255  0.727471128  0.789073752  0.844387362 -1.47918151 -1.28890365
  1.13949913 -0.684449498  0.905915297  0.522149263  0.415596886  1.5875604
  0.501171542  0.269796593  0.871292642 -0.389618901  1.7921217  0.17392508
 -0.0349885549 -0.570806987 -0.929353781  0.652541978  0.422148466 -0.44185843
 -0.413526546 -0.399061467 -1.57913914 -1.31660631 -1.73540948 -0.0925818559
  1.4489896 -1.53452833  0.0440069866 -0.0155193027  0.535127937  0.0398371663
 -1.14468474  0.793635993  0.169531003  0.825391986 -0.336502812  0.24640188
 -0.580318388  0.837217492 -1.14755365  1.19851762  0.290119266  0.526142682
  1.13826576 -0.955290764 -1.72541255 -0.815656167  0.0136279119 -0.334946876
 -0.966504304 -0.742603903  0.675693804  0.946622717  0.165810893 -1.41653996
 -0.516636973  0.0468806502  0.822948027  0.123990054  1.34732734 -1.03766543
  0.802966436  0.704591842 -1.71025289  0.43789918 -0.583897554 -0.395935591
 -0.34608754 -0.657929549  0.300210563 -1.71062047 -0.231901618 -1.13353346
  0.272513059  0.805355935 -0.0167661818  0.278755561 -1.55108133  0.539402402
  0.0604586066  1.07330716 -0.186981136  0.726554654  0.0909822573 -1.46102791
 -1.45781061 -0.449911427 -0.32967432 -1.03470538  1.4431653  1.01847019
  0.276219206  0.241965953 -0.350370969 -0.218460585  0.446659366 -1.83260557
  0.00776199119  0.0241677514 -0.875051893 -0.217923035 -0.738367184
 -0.931374673  1.14594063  0.0278874323  0.292003708  0.867043514  1.15865962
  1.87592816 -0.259186708 -0.0842959654  0.314738632 -1.04183812 -1.12151655
  0.846924859 -0.280156852  1.81934784 -0.759563265  0.706252666  0.136979417
  0.941092533 -0.773388796  1.56642178  0.239128922  0.640661709  0.505577411
 -0.180461504  0.659284689 -1.59412696  1.83478777 -0.320019181  0.424129931
  0.352188835 -0.637875731  1.53592643  0.109508069 -0.0734971669  0.0410177573
 -0.523444554  0.589151587 -1.47779735 -1.48012162 -0.817580748  1.85326409
 -1.00174202  1.23743134 -0.0379992435  1.24967298  0.410422646  0.0612616263
 -0.00380370004  0.206408307  0.418384808  0.10139209 -0.0871487319
  0.369122825  0.115428368  0.143053995  0.973257124  0.0906617732  1.73375033
  0.347624118  1.05156272  1.3211123  0.622871143  0.0487659894  1.05732144
 -0.470931132  0.972813844  1.5911589 -1.73597473  0.806068066 -1.54438581
  0.196301086  0.0737102594 -0.23238065  1.11540368  0.75967532 -1.77606123
  0.237876308 -0.714436076 -0.598526093  0.172001086 -0.877851561  0.133889192
 -1.66801016  1.05120946 -0.014675963 -0.0575269981  1.22685594 -0.863273933
  0.174387438 -0.13523945  0.904276617 -0.307985981 -0.987444103 -1.83193398
 -0.0593956468 -0.354955226  0.325643617  0.296904568 -1.25674356 -0.792411788
 -1.00701934  0.408891628  0.218556523  0.131953138  1.18956477  1.39095923
 -1.69333373  0.0288031068 -1.60360085 -0.839081986 -0.530297769  1.87276816
 -1.09791602 -1.76138552 -1.08353351 -1.39866313 -0.352563646 -0.172502836
  0.24433842 -1.03190485 -0.724050235  0.00771889091 -0.900734827 -0.772272237
 -0.0864080677  0.666179813  0.880140288  1.85507318  1.57811972 -0.842404501
  0.679719529  0.0805631787 -0.428035008  0.175055234 -1.14085294  0.674121872
  0.666421533 -0.0175645739  1.33878492 -0.323501774 -1.10316109 -0.754385629
 -1.19435253 -1.24603412  0.963408211 -0.341575784 -1.20776989 -0.364198356
 -0.541781796 -1.62702715 -0.411927658  0.890915656  0.940727866 -1.7674994
 -0.498002235  0.618144147 -1.73486285 -0.130701239  0.220862176  0.130261527
  0.594281252 -0.0703199636  0.701854429 -1.8837615  0.866914047 -0.988853977
 -1.03816995  0.352470837 -0.456050308  0.490520538 -0.0973071367  0.0462357181
 -1.76032968 -0.302449812  0.383574695 -0.952907021 -0.985710326 -0.2184177
 -1.43204599 -0.930215697 -0.265351325  1.19946459  0.920149136  0.454356901
 -1.81956581  0.951187059 -1.01507917 -0.0963300505  0.459415542 -0.821469334
 -0.609702692 -1.45938407 -0.713314407 -0.266805881 -0.499377436 -1.09305425
  0.0539518818 -0.350066179  0.462347183 -0.210085828 -1.09655084 -0.0496789694
  0.410490712  1.08457538  0.506859281  1.46094339 -0.513837301  0.735563402
  0.029583879  0.129742292 -0.0122860945  1.91772007  1.05387573  1.12925593
  1.55814269 -0.0231939054 -0.256470568 -0.881257597 -1.22209599 -0.00478034168
  0.562263049  1.77644169  1.11973196 -1.04211006  0.750597043  0.0959694942
 -0.0369758247 -0.404613801 -0.142570571  0.973039652 -0.302049251  1.35223022
  0.867590698  0.662766957  0.68705866 -0.912434554  0.00922982519 -0.532393481
  0.75098671  0.97329796 -0.492253666 -1.30603842  0.821154886 -1.17853065
 -0.20599844  0.806011158  1.45911872 -0.106335116 -0.704564367 -0.438756876
  1.70017086  0.117755988 -0.764484493 -1.18502616 -0.656580885  0.531540293
  0.381402854 -0.315493148  0.296808154 -0.434611368 -1.54679389 -0.848284276
 -0.329433572  0.495488558  1.39599915 -1.47272217  0.00530498904 -0.870579292
  0.719045671  0.376701959 -0.505317105 -1.42744652 -0.848322344 -0.205835775
  0.0663284756  0.309759424 -0.126664888  0.503918969  0.372140145 -0.296600393
  0.0437428113 -1.04503462 -0.819161276 -0.125573548 -1.01251202 -0.0793422089
  0.242512541  0.425868618  0.118068477 -0.408012364 -0.494294756 -1.30619359
 -1.03425083 -0.853341286  0.0721134818  0.933167201 -0.867676804  0.0399971993
  0.996228255 -0.357593294 -0.125795233 -0.0317332858 -1.18806918  0.446728684
  0.537772957 -1.91738287  1.03813304 -1.2403334  0.000794431478  0.282061866
 -0.475147343  1.70532261 -0.258797898  0.665285615  0.134036971 -1.64928977
  0.0369160639  0.517659526 -1.57781146  0.024418549  1.26356736  0.0478265391
 -0.150053329  1.44039092  0.793754611 -0.0176546798 -0.797177765 -0.0253753422
  0.0557127377 -1.0102662 -0.868910069  0.830243381  0.903785391 -1.14978002
 -0.0204398017 -0.375830834 -1.2548218 -0.795081666  1.03585199  0.731573775
 -0.868970223  0.252867215 -0.908935851 -0.896547024 -0.594090035  1.88267411
  0.60934183  1.55927799  0.967642964 -1.48127625 -1.14628189  0.634789918
 -0.0925167052  0.618287653  1.40381918 -1.1215502  0.342751666  1.33778936
  0.738695934 -1.17836066  1.52894136 -0.138790756  0.666568794 -0.347182379
  0.698364049  0.904897152  0.729942753  0.698745174  0.697985131  1.31503325
 -1.51261895 -0.152844943 -0.396510461 -0.0176536018  1.40376008  0.203757949
  0.320278652 -1.78830465 -0.245641889 -0.620440199  1.22738859 -1.1425867
  0.318983814  1.53781007 -1.61102883  0.386243895  0.30909695  1.55708167
 -0.860109722 -0.0544034414 -0.150749527  1.10615601 -0.783999946 -0.959909011
 -0.472767595  0.4559797 -0.0396767084 -0.725242666 -1.01172199 -1.92399421
  0.481036252  0.474056818  0.27396003 -0.185946965 -0.701646861  0.449666641
 -0.219411203  0.325120823  1.57663149 -0.636813424 -0.59352107 -0.446651132
 -0.00524594895  0.399774141  0.206341482 -1.43603077 -0.253219413  0.71122051
 -0.268676161 -0.62015761 -0.205063568 -1.13676526  0.346200426  1.94752062
 -0.848866465 -0.141126706 -0.64207365 -1.39906736 -0.12335988  0.224525352
 -0.057232183  1.07811876 -0.163939784  0.0662931221  1.45607326  1.74477836
 -0.798935825 -0.364930505  0.313455271 -1.37007053  0.510143711 -0.363506938
 -1.47159554 -0.807143211 -1.77301505  0.0738490762  0.129593682  0.799363037
  0.241066219  0.0538365404 -0.556769296 -0.047014207 -1.03489656  0.744964019
  0.704423229 -1.52483277 -0.665402536  0.826298621 -0.0278439605 -0.473491481
 -1.52138254 -0.0982665841 -0.099498078  1.30747781  0.713276665 -0.418391012
  0.744037097  0.0471118186 -0.209680499  0.00952960767 -0.479036158
  0.0903027314 -0.542209012  0.556641161  1.13536532 -0.0550221991  1.30014772
  1.08083614  0.700829849 -1.51258994  1.52048083 -1.15478128  1.13797239
 -1.15098617  0.42786518 -0.175546225 -0.630383737  0.319055556  0.0640696369
 -0.724377683  0.545414807 -0.400271618  0.240954436 -1.22417751  0.207938161
  0.619677655  0.854108481  0.779386981 -0.160013165  0.105382987  0.176438543
 -0.744845559  0.549321442 -0.614492795  0.599490641  1.21928345  1.47366725
 -0.989364012  1.14277312  0.141822471  0.0964545207  0.678736291 -0.374075746
 -0.0271629649  1.48170221  0.384962033 -0.608816686  0.672381768  0.180459023
 -1.28327259  0.0643601801 -0.182123038  1.02096533 -0.658430266  0.576431116
 -0.970649847  0.179899212 -0.73366119  1.41325719 -0.418177551  0.560469297
 -1.24588157 -0.00879086945 -1.17992787  0.66385096  0.58398403 -0.250260061
  1.43263789 -0.579548641  0.449254077  0.936915872 -0.471211437  1.55432037
 -0.575079124 -0.00941386756 -1.67485602  1.27706896 -0.0958355351 -0.301421437
  1.55884951 -1.03729545 -0.877783399  0.919383602  1.80883947 -1.00282129
 -0.276789611  0.141180367 -0.441965716  0.323848806 -0.572700333 -0.362170818
  0.880715417 -0.4023401 -0.968023117 -1.11608986 -0.335359481  1.39231237
 -0.0776284724 -0.148937885 -1.27894435 -0.602339688  0.16350485 -0.583693093
 -0.554358337  0.543143337  0.299916026  0.0162986275 -0.27759781 -0.408992044
  0.53851393 -1.48986574 -0.125558567  0.975129683  0.0426165296 -0.775439411
  0.813847363  0.203986357  0.871613015 -0.516787555  1.04302279 -0.602771259
  0.231302811  0.626157285  0.560473139 -1.33888914  0.0473970379 -0.465441724
  0.773745111 -0.700374211 -0.245575899 -0.0673638609 -1.55766643  1.9486526
  1.79653256  0.1159332 -0.545666156 -0.0237877374  0.926038644 -0.882100131
 -1.33009267  0.265182254 -0.129152558 -0.221829762  0.066812512  0.226535863
  0.872135816 -0.561136483 -0.994674111 -1.80786309  0.221052159  0.674502189
 -1.28209135  0.942817232  0.180327979 -0.128084082 -0.472837994 -1.25781517
 -1.00137497 -0.929922095 -0.885623068 -1.16278251  0.149049786 -0.113780102
 -0.180567473 -0.575911214 -0.151892589  0.536222771  0.747490312  0.125200473
  0.534889785  0.414717474  0.425205898  0.526922047  1.2855316 -0.216141293
 -1.02435633  1.22795524 -0.206856906 -0.934966592  1.44044481  0.343310459
 -0.247386423 -1.29434384  0.121488858  0.1017909 -0.660953399 -0.531643566
 -0.193345286  0.730084149  0.541430194 -1.36841415  0.595073425 -0.509933273
 -0.422666572 -0.336604219 -1.25296377  1.00659699 -1.78512808 -1.03977999
  0.4870487 -0.751062775  0.458479032 -1.84519656  0.959178985  0.103087217
 -0.10563268 -0.366097363  0.12173329 -0.529672939  0.738271258  0.120123362
 -1.26659892 -0.0870502033 -0.712712093  0.833089674  0.00437302217
  0.388260237  0.858112762 -0.421640425  0.0301695482  0.294412695 -1.918733
  0.526990797 -0.449262912 -0.269821828  0.846228244  0.12486466 -1.6586677
  0.508558574  1.37512192 -0.343451266  0.706077419  0.612813942 -0.551440794
 -0.055647933  1.02302934  0.176847573 -0.43784559 -0.48025048  0.183629412
 -0.572337431 -1.20862389 -0.0568746112  0.161020041 -0.908394692 -0.532240013
 -0.132262292  0.127444802 -1.64520763  0.0349867234 -0.168267465  0.328560969
 -1.81040039  0.588908814  0.246282374 -1.21142109  0.31004344  0.325326792
  1.01008627 -0.342669654  0.168090491  1.72352697 -0.287297314 -0.711022551
 -1.04728879  0.145966586  0.779680478 -1.10345354 -1.07464662 -0.532360604
 -0.178453551 -0.826286202 -1.12141887 -1.2164108  1.42638445  0.340613235
 -0.364232647 -0.93637145  1.43787581  1.59629564 -0.53681932 -1.82041302
 -0.755318806 -0.348384524  0.236969995 -0.878523236 -1.32219839  0.54125167
 -1.4809921 -1.02066843 -0.0301540002 -0.0359981585  0.979818924 -0.202781068
 -1.28054517  1.72402641  0.753052167 -1.45975092  1.27276754 -0.164780809
  0.197538751  0.442176251  0.236048133  0.621864746 -0.658993858 -0.317833282
  1.71988996 -1.05575964  0.792256126  0.887128024  0.353702336  0.775108045
  0.726019787  0.473357848 -0.839138944  1.15706515  0.503118767 -0.29333484
  1.11449316  0.879340423 -0.776523347 -0.00561281425  1.1648997 -0.223139249
  1.0907361 -1.8483029 -0.418145385  0.596542635  0.36262109 -1.39982228
  1.73405174 -0.43889447 -0.815573155  0.99013597  0.384160816 -0.487774732
 -0.389636969  1.06392399 -0.352872  0.267968941  1.11755454 -0.447930667
  0.961315985  1.27489595 -0.0332049369 -0.550850425  0.643406892  1.03735421
  1.80624756  0.86035307 -0.058644234 -1.62870967  0.247159143  0.576431275
 -1.70291366  0.921531204  0.691743666  1.3346876 -0.597044914  1.33219381
 -0.963861438 -0.255556961 -1.27855527  0.686891188  1.33355664 -0.562027834
  0.142816478  0.936952938 -1.67943888 -0.0467128725  0.553174889 -0.579638956
 -0.211889636  0.357197006  0.386336136  0.629903661  0.647544226 -0.0860360217
 -1.42902299  0.324346129  0.927218181  1.17048239  0.380496993  0.517234696
  0.51035227  0.271375997  0.108752954 -1.57540509  0.24303793  0.0657124763
 -0.50581519 -0.668619071  0.0990904312  0.170254344 -1.35550541 -0.62113961
  0.251141066 -0.794626737  1.28446123  0.856266376 -0.233013068  1.67033235
 -0.837409561  0.437373493  0.627082847 -0.153537194  0.154742234  0.748464125
 -0.0670839272 -1.79044419 -0.00151834063  0.496772943  1.65827129  0.445369351
  0.601412411  0.435558099  0.52154752  1.93796196  1.68762653  0.00402017348
 -1.34972723 -0.325435815  0.873548854 -1.61666225  1.33025007  0.752459722
 -0.0952251726  0.038297722 -1.55029975 -1.44708514  0.325805096 -0.0455843569
 -0.296998385 -0.169149881  0.434236716  0.071334389 -0.517238066  0.516287049
 -0.451767023  1.35880366 -0.0170834314  0.295346762 -0.524116431 -0.641375267
 -0.491994228 -0.496231477  0.124500305 -0.489181294 -1.77033013  1.43953014
  0.621257476  0.221788987 -1.3782289  0.472581073 -0.0183659274 -1.89080131
 -0.420786885 -1.051405 -1.61947041 -1.26303284 -0.852242066 -0.823201232
 -0.995799332  0.59229272  0.445470369  0.186069398 -1.50367168 -0.923337061
 -1.62105052 -0.0425838155  0.0430646741  0.858075685 -0.34693945  0.9438631
 -0.263172967  0.820324858  1.26995407 -0.982989002 -0.374760764  0.15216175
 -0.898583056 -0.641746677 -0.166148649 -0.655080787 -0.177182629 -0.969764461
 -0.809133037  0.580553737 -0.832154611  1.71780823  0.532714758  0.133163286
 -1.18178429 -0.415313426 -0.329325262 -0.0426265018 -1.15199677 -0.546722783
 -0.37087877  0.240347056  1.78899252 -0.242970539  1.24578534 -1.2334944
 -0.390830465  1.00077093  0.341106164 -0.128090249  0.0845948163 -0.41801212
 -1.13926287 -0.167894655 -0.119659144 -1.19494211  0.840370147  0.853424866
  0.856251693  0.282949304  0.0996600415  0.671554661  1.52574284 -1.50335454
  0.254504955  1.89773651  0.478584389  1.50174036 -0.0638567109 -0.432556377
  0.832650165  0.189416885 -0.389611396  1.20297228  0.105160293 -0.454171017
 -0.387053085 -1.21282159  1.03277838  0.812096668 -0.732583023  0.155340139
  0.783445323 -1.66574756  0.200849842 -0.924396874  0.347460549  0.783090284
 -0.526561571  0.272708216  0.434722407 -0.0109185601 -1.23464696  0.293558161
 -0.890643214 -1.09325912 -1.4369244 -0.629921708  0.121095152  0.825159731
  0.225784618 -0.32829554  0.652370524 -0.0706472549  0.574428112 -1.81165335
 -0.544844876  0.0217081275 -0.697880144 -0.0247842445 -0.0187674307
  0.93118329  0.950810903 -0.956387477  0.461809769  0.0087315225  0.685996622
 -0.582348135  0.266772416  1.29697241  0.63595787 -0.622026439  0.224350215
  0.785632336 -1.03240527 -0.458070467 -1.71604835  1.94004056  0.229078524
 -0.341376207  1.74550061 -0.290015702  0.253066235  1.8932279  0.112993892
 -0.139219875  1.12044208 -1.40282129 -0.69827453  0.450689541 -1.08097218
  0.335759083  1.3979134  1.47852225  0.21653196 -0.187652827  0.44594062
 -0.940544082 -1.03021294  0.836702638  0.637772867  0.0452321781  1.66324914
 -0.391479327 -0.667926529  0.294479151  0.652110656  0.450781059 -0.853930381
  0.490580376  0.181710324 -0.245911284 -0.0791691601  0.468331178  0.406640517
 -0.48387013  1.01965212 -0.883517977  1.53825101 -0.00614378505  0.0240639017
  0.383903246  0.409851375  1.07113633  0.516003555  0.548121648 -0.464476101
  1.2093158  0.116639859 -1.72795069  0.262742205 -0.846295498 -0.151471715
  0.126215825  0.0235214234 -0.29225005  0.679830679 -0.317711793  1.68297174
 -1.14498229 -1.6052049 -1.88988631  0.13842399  0.595934306 -1.63639885
  1.72830704  0.604198075 -0.167903703 -0.493194548 -0.2625504 -0.610880951
  0.0893695519 -0.653389572  1.59962244 -0.607800471 -1.63151754  0.218910065
 -0.679206706  0.529520487 -0.710860231  0.37860335  0.0123408762 -0.247537149
 -1.78998879  0.787264038  1.15023907 -0.927779144  0.671275445  0.102430516
  1.24093382 -0.971678153  0.710010574  0.553305819 -1.14609733  0.216789242
 -0.134149427 -0.00613540346  0.955686424  0.839172061  1.1671455 -1.515506
 -0.209640867  0.196092335  0.510836699  0.071315608  0.624429548 -0.393441192
  0.869065855  0.949995497 -0.127419482 -1.09271995 -0.303382034 -0.368435584
 -0.0795143288 -0.0699912503  0.511468633  0.740678477  1.24105027 -0.11190582
 -0.0333718649 -1.65810216 -0.10747148  0.053865934 -0.3455031 -1.23476398
 -0.29747567 -0.631483395 -0.199366615  0.925672187 -0.698070057  0.308634357
 -1.37695366  0.746908901  1.92275722 -0.722678027  0.180452982  0.915675713
 -0.929937  1.344457 -0.731202903 -0.735408755 -0.975167724  1.31448732
  0.910457952 -0.0520361032 -1.11009468  0.866287603 -0.285741732  1.33969567
  0.244519756  0.650332769 -1.90684506 -0.432665423 -0.861831728  1.01386295
 -1.08603748 -1.16566112  1.31966633 -0.37649195  0.573693302 -0.111667662
  1.07851643 -0.964106537 -0.993120693  1.05662601  0.868694915 -1.06090273
  0.0238899732 -0.708362236  0.0777142836  1.28666425 -0.83074415 -0.506632056
  1.68544807 -1.50809545 -0.48608336  0.226063364  0.0276548085 -0.299024664
  0.234781199 -0.48825685  0.926923577  0.523072818 -0.637220857  0.779409832
 -0.1226812 -0.777551024  0.581655913 -1.55717745  1.51036474 -1.46801145
 -0.438470722 -0.548916606 -0.0501331122 -0.161780444 -0.486451091 -0.177608352
 -0.0993508332 -0.0380165896  0.152181267  0.176265507 -0.518059988  1.08792651
 -0.270232792 -0.866458201 -0.693679209 -1.13649585 -1.048035  1.57040035
  0.228699387 -0.896446568 -1.03710553 -1.6473726  0.757853124 -0.149268306
  0.641718932 -0.1609077  1.23392049 -1.92160131 -0.0353888504 -0.0888311477
 -1.41052202 -0.803448678  0.0136347554 -0.395152115  0.714940228 -0.99072936
  0.990440879 -0.202835185  0.516606284  0.254026016  1.22156939  1.20733851
 -1.43532949  1.487088 -0.129327234 -1.51360957  0.0903423159 -0.336430752
 -0.500446467 -0.468479526  0.794846548  0.898990384 -0.807761275  1.47419353
  0.852135009  0.825345036 -1.15519828 -1.39940671  0.830806914 -0.233028861
 -0.363782306  1.61536305 -0.535340962  0.355629676  0.274982816  0.562351192
 -0.304866997 -0.982770048  0.947722189  0.803776494 -0.351822634 -1.85882387
  0.239919378  1.31553906  0.922302447  0.909360084  0.876471092  1.30422951
 -0.263097155 -0.235864044  1.49542712 -1.7901851 -1.68456279 -0.323956337
 -0.0647246442 -1.58833697 -0.802192315 -0.656773058 -0.434239592 -0.631721837
  0.0307847733 -0.69851768 -1.85982899  1.53003965 -1.33244386  1.03483002
 -0.0766163586  1.08184395 -0.787384405  0.139769253 -0.213427766 -0.166559053
 -0.991290083  0.762314921  1.90945773  0.537281063  1.6583723 -0.678888135
  0.537210708 -1.39436765  1.51808159 -1.20238442 -1.2214143 -0.569021405
 -0.288637132 -0.583671078 -1.04241273  1.72365571 -0.882215926 -0.778147203
  1.41472604  1.58710038  0.438504475 -0.600073988 -0.400887089 -1.47396473
 -1.31181449  0.667779637 -0.682227839 -0.722832703  0.376811418  0.157642717
  1.16144611  0.00710880314  1.50810775  1.05296021 -0.141175826 -0.93276399
 -0.374719763 -0.855352532  1.60714479 -0.0651280823  1.56955894 -0.205776384
 -0.0508133038  0.367097842 -0.621468603 -1.23339812  0.650943518  1.5994223
  0.421502251  0.65449262  0.0532295787  1.45609044 -1.68462296 -0.956804066
  0.695177418  1.1380483 -0.338877611  1.54679838  0.48232107 -0.333083944
 -0.480582002  1.04428657  0.271753216  0.403273231  0.466232646 -0.611692802
  0.678908622 -1.14250344  1.45542037  0.183294192 -0.902192945  0.176685208
 -1.1581791  0.0205161469 -0.948544567 -1.11931644  1.34848035 -0.978442192
 -0.101273036  1.30266145 -0.855722009 -0.137215532 -1.3295725 -0.975547505
 -0.464535451  0.490294548  0.514012318 -0.487615252 -0.475286175  0.320291363
 -0.316048701 -0.294633081  0.264888181 -0.944852666 -0.970306202 -1.89073589
 -1.55123985 -1.63804543 -0.545168084 -1.45015384  1.1209202 -0.495836174
  0.155440887 -0.744452213 -1.76019916 -0.545137162  0.657996875 -0.39795124
 -0.351221667  1.36624475  0.186546521 -0.573881769 -0.159806223 -1.39843279
  0.711094364  0.850787969 -0.359782254  0.444020432  0.696549734  0.733357934
  1.29657695 -1.88577389  0.560816657 -0.125399229  0.788177315 -0.588349277
  0.741930567  0.191567669  1.29790401 -0.474222676  0.27274012  0.580204527
 -1.56011187  0.423952146  0.969331399 -0.600244914 -0.576286305 -0.0255389284
  0.905869358  0.275601906 -1.31466127  0.984442912 -0.0944019856 -0.893134014
  1.14464221 -0.436508236 -0.449273085 -1.35138033 -0.355755384 -0.12233639
 -0.633616419 -0.396918763  0.454913604  0.20741155 -1.00163971  0.0254158893
 -0.252471642  1.08781349  1.06241265  1.29674787  0.730795086 -0.161590105
 -0.885185995  1.48801158  1.72967959  1.34562941  1.02534253  0.644005737
  1.01770113 -0.510828133 -0.396246622  0.840513264  0.720643181 -0.734272363
  0.370302419 -0.466386027 -0.0943386864  0.179626358 -1.46381275 -1.60666247
 -0.59977249 -0.126455434 -1.56946644 -0.131903293  1.82165119  1.28918294
  1.51524398  0.366703549  0.809434531  0.671689703 -0.250454574  1.55771164
  0.18155372  1.18585776  0.881598419 -0.0805978883  1.39791019 -0.19710194
 -0.195864609 -1.42325117 -0.346106727 -0.491409601  0.155114036 -0.572242811
  0.449915571  1.28192352  0.710456671  0.175586271  0.62629994  0.783813156
  0.0763669381 -0.0243470282 -0.332649761 -0.187052784  0.454883426  1.08880193
  0.0301080357  1.30161703  0.596945622 -0.269976172  0.401385462  0.254062845
  0.113532805  0.0190459304 -1.9408998 -0.172935626  0.199163865  0.116518626
 -0.869158872 -0.230663289  0.234729114 -0.128030935 -0.648592795 -0.0926904024
 -1.82609973  0.645370338 -0.764481806 -0.201969276 -0.576752078 -0.603531948
 -0.880538225 -0.345287403 -1.37181087 -0.748756942  0.697064978 -0.555556732
  0.323304159  1.08531657 -0.110471541 -0.874339582 -0.866905407 -0.0282646959
  0.411914314 -1.09911825 -1.55953799 -1.14520644  0.0981420651 -0.60021399
  1.17718303  1.21380512  1.4063338 -0.234417522  0.305755806 -0.906716945
 -0.70111649 -0.300222234  0.671219384  1.12353501  0.915527721 -1.47093784
  0.473082512 -0.664397295  1.66502626 -0.288309731 -0.0216348813  0.0494646699
 -0.9208395  0.605229618 -0.182770101  1.10687248 -0.0737631244 -0.639306389
 -0.890088366 -0.211366596 -0.308898268 -1.46451351  0.673043568  0.297144403
 -0.36760717  1.75303846 -0.7287904 -0.315313703 -1.50481812  1.65835408
 -1.12890415  0.100335726 -0.0427435184  1.15262403  1.76402671  0.304018409
 -1.3954813  0.171259066  1.74585877  0.0624491735 -0.144555795  0.235792857
  0.713815229  0.263711168 -0.882810777 -0.691004338  0.950765015 -0.166225328
 -1.35198984  0.677777687  0.579728467 -0.320477146  1.17170817  1.06626657
 -1.39815799 -0.75285968 -0.987256658  0.433839549 -1.6966568 -0.287300009
 -1.28338229 -1.11653707 -0.169782348  1.26588571  0.522690465 -0.0407306885
  0.308241561 -0.359925637  0.122326542 -0.265001 -0.924340358 -1.23571012
 -0.482480669  0.294652402  0.393109381  1.14411644  0.266676029  0.796546579
 -0.541446824  0.892429306  0.672970988 -0.357506264  0.611267119  0.681439652
 -0.226361314 -0.301553348 -0.409965913 -1.09050662  0.200577617 -1.03012551
  0.574133157  0.314492052  1.63032945 -1.36582012  1.36068488  0.825365599
  0.318714646 -1.27983402 -0.0164818164 -0.334142744 -0.449950023 -0.313133501
 -0.494727171 -0.540742605 -0.863370072  0.479338932  1.03553215 -0.410809987
 -1.18279741  1.62255367  0.145211602  1.0803584  1.00740312  0.347066038
  0.406112293 -0.744745527  1.44709511  0.941853545 -1.08576326 -0.122960994
 -0.463990948 -0.516352789  0.265387091  0.899350935  0.00689187302
  0.581200492 -1.05177836 -0.127366489  0.269753296  1.33556985  0.699251375
  0.0205928973  0.608769374 -1.10783587  0.376568764 -0.290158943 -1.29271968
 -0.260970204  0.256364134 -0.00895663602 -1.06866216  0.0983330143
 -0.417696318 -1.42751191  1.32643318 -1.52243485 -1.39057015 -0.27407513
  1.48823579 -0.514983214 -1.6260066  0.46228864  1.08742179 -0.113045275
 -0.496739335 -0.747963518 -0.307298261 -0.369977831 -1.38024383 -0.451914407
  0.582554854  0.368275517 -0.141445108  0.29602247  1.03671877  0.195954961
  0.473350541 -0.443446466  0.283076433  0.223774791 -0.0565809053 -0.544598816
  1.10577383  1.36767285  1.64791973 -0.528761471 -0.85716223  1.77011107
  0.733522439  0.0028217091 -0.308754844 -1.33442401  0.109884043 -1.34543047
 -0.368819262 -0.92692177 -0.964162498 -0.563844063 -0.670282121  1.48317459
 -0.604085902  0.255607104  0.718285478  1.78419918  1.72147808 -0.087596188
  0.435196243  1.61998843 -0.886185204 -0.639603745  0.157873377 -0.232413885
  1.59103591 -1.26154864  0.137620494  0.631110414  1.05201502  0.503667789
 -0.944998316 -0.974037257 -0.308013731 -0.0383647602 -0.411977832 -0.172018966
  0.0345879657  1.18662817  1.89588105 -0.0242529931  0.501333278 -0.405770356
  0.757917194  0.946070259 -0.964408877  0.760911297 -0.450724313 -0.552639486
  0.272315462 -0.26182276 -0.572552993 -0.0835351038  0.00745839074 -1.27485157
 -0.588626358  0.717133568  0.130023514  1.06148989  0.0659438383 -0.181655611
  1.10447121  0.466344877 -0.447456277 -0.734996364 -1.57798733 -0.581290652
  1.90513887 -1.06285514  0.594918153 -1.15457996 -0.898064366 -1.78067914
  0.25129218  0.260361666  0.434379185 -0.0769047272  0.389418267 -0.956793594
  0.522486339 -1.19309759 -0.256628326  0.420599607 -0.740438369 -0.426225749
  1.64231927  0.454503556 -0.360926473  0.378591007  0.246832004 -0.403063885
 -1.18949617  0.938410351 -0.582660718 -1.28958812 -0.187157045 -1.03165985
 -0.295033648 -0.909367304  1.10293812 -0.676367008 -0.226704439  1.44363985
  0.161016382  0.173373052 -1.36455667  0.669119738 -0.373359905 -0.238462885
  1.8786265 -0.152997363  0.633353671  0.0573774928 -1.70595618 -0.803822798
  0.187092243 -1.09405264  0.830895831 -1.53067101 -0.29908999  0.293698863
  1.49310901 -0.660630215  1.17238573 -0.214645575 -1.65429222  0.937043236
  0.453281985  0.395208928  1.15188646 -1.65231302 -0.380689858 -0.0592092118
  0.319608883 -1.10913278  0.147884235  1.85640909 -1.09382331 -1.54045464
 -0.707531639  0.374551827 -0.0397856241 -0.270892779  0.596873355  0.870006783
 -0.692625826 -0.349641472 -1.67112256  0.692173114 -0.958830619 -1.78657676
  0.77248766  0.639823895 -1.8156224  1.49976528 -0.253206445 -0.158198191
  0.480556326 -1.47242207 -0.149747436  0.00264446243 -1.03445816  0.824575234
  1.18573106 -0.629769397  0.639512226 -0.232596  1.22500964 -0.581742912
 -0.0596425842  0.460756415 -0.827300978 -0.0828174106  0.133730795
 -0.489037759 -0.27969471 -0.586687923  0.960434304 -0.00245610611
  0.0435907518 -1.72720731  0.0336388932  0.281665413 -0.942011561
 -0.0516990689 -1.42885744  1.07522935  1.84735788 -0.950814642 -1.81996739
  1.29166628 -0.359702166  0.00344027812  0.155659246  0.386769261 -1.88924625
 -1.49586991 -0.177973305  0.931699811 -1.42655773  0.870207167  0.806197735
 -0.686268736  0.268631162  1.08859563 -0.296995811  0.733982067 -1.43674169
  0.0463189326  1.17885416 -0.815502045 -0.0283192202 -0.627816677  0.206963523
  0.872148647  1.14818977  0.657838534 -0.720462742 -0.226089418  0.228260944
 -1.43636135 -0.403956211 -0.375739472  1.79131464 -0.033366773  0.112704774
 -0.99502032  1.06763994 -0.638535667  1.37241051 -1.27147593  0.780703175
  1.51377576 -0.183351222  1.82682904  0.660809566 -0.028123672 -0.958935658
 -0.252996296 -0.636237412 -1.01984134  1.47820708  0.325215346  0.556513788
 -0.32030402  1.27223689  0.573572509  0.443744557  1.11891124 -1.17743358
 -0.284619957  0.762963843  0.580860745  0.870622808 -1.1483183  0.114240599
 -0.946491039  0.6303432 -1.48531129  0.413485163  1.70883717  0.837090339
  1.23697116  0.0921301987  0.851394289  1.29784047 -1.73142865  0.711240438
 -0.534120175  0.173991285 -0.528608375 -0.487406859  0.434422996 -0.842719088
 -1.44182168  0.992228263  0.133676555 -0.537137957  0.379193934 -0.306589363
 -0.708257321  1.16336309 -0.110867222  0.80883997 -0.871460826  1.58504953
 -0.625554821 -0.496612954 -1.11228807 -0.334122446  1.39101103 -1.6119649
 -0.854865993 -0.232856993 -0.512394699 -0.0896961185  0.755893438
 -0.00487442911 -0.36570701  0.204047614  1.60527557  1.00744733 -0.664951924
 -0.449169687 -0.333796204  1.83090683 -0.927555363 -0.602788038  0.24286274
 -0.0729763924  0.222984824  0.922256997  0.17503622 -0.331356072 -0.158907903
  0.76083684  0.374901364  0.174317247 -1.93121607 -0.551779264 -0.283110173
 -1.01307017 -0.295722163 -1.08885673 -1.7523388 -0.0147411183  0.0374681982
 -0.74830823  0.498855279 -0.409369055  1.24966571 -0.438880435  1.49838946
  0.0444673556 -1.19874641  0.334439216 -0.384427932 -0.796796922 -0.155613339
  0.32412407  0.57682261  0.47239557 -0.687856445  0.558515142  0.682884027
  0.548224267  1.07650431 -0.825298691 -1.45216958  1.51717959 -0.314476601
  1.09346343 -0.656283134  0.498409983 -0.85089691  0.339180055  0.343193321
 -0.507953532  0.855754085 -0.306306244 -0.530903226 -0.361607089  0.47806302
 -0.873314103  0.879804668 -0.652779749  1.40935866 -0.537176213  1.23311061
 -0.253009342  1.79134355  0.824752708 -1.33367752  0.374574396 -0.248090082
  0.371982027  0.658960566 -0.28553171  0.0331334657  0.610321326 -0.137524042
 -0.358111127  0.762149306  0.296055596  0.722830416  1.83474241 -0.361300686
 -0.631244442  0.764506886  0.924456783 -1.19910564  0.377577634 -0.423786967
 -0.681951583 -1.39963918  0.0905932628  0.691049587  0.91365396  1.58035176
 -1.00744547 -1.38116066  0.142841761 -1.03391233 -0.239617881 -0.0752444169
  0.795090617  0.801128028  0.691494568  0.546757631 -0.577932039 -0.239000096
  0.132374983  0.166081914 -0.0539777384  0.83392657  0.67887912  0.392805268
 -0.546683692  0.343154769  1.15228211  0.143711302  0.912018514 -1.40527662
  1.47249716  0.663056427  0.316462345  1.25703047  1.11817077 -1.71034706
 -0.0357645853 -0.0956312008  1.06190418 -0.0528216765 -0.0987374384
 -0.00696021794  0.857772733 -0.130502857 -0.19352749  0.387868326  0.244515684
  1.36040699  0.503505555 -0.449791753 -0.715846401 -0.94531248 -0.604468313
  0.788429391 -0.483010491 -0.752143895  0.0591440513  1.36128427 -1.32225163
 -1.08321533  1.37443859  0.39878654 -0.396211675  0.70273059 -0.465367293
 -0.437516592 -0.407111512  1.36316828 -1.13458686 -0.21756222  1.30042945
 -0.724236777  0.015833107  1.18393379  0.0555474277 -0.707672196  1.89849959
  0.468901886  0.158023653 -0.8800211 -0.468309873  0.615484285 -0.769240063
 -1.19745634 -0.252210683 -0.710242456  1.48556384 -0.240483242  1.4579312
  0.504451698  0.00280696481  0.104989981 -0.672125937  1.2569621  0.230092613
 -0.410475883 -0.171537119  1.41507876 -0.805310184 -1.40502385 -0.259805229
 -0.734439837 -0.406270586  1.22018903  0.243670875  0.648674548 -1.63451359
  0.224033393  1.05739076 -0.913878343 -0.788199208  0.0378149951  0.193159236
 -1.22969542 -0.117727063  1.52002129  0.404265809 -0.433976466  0.74767401
 -0.598650038 -0.399652712 -0.183569207 -0.40637786  1.68278645  0.877259032
  0.524451006 -0.559493967  0.819685944  0.691330702  0.259128607  0.87163438
  1.53537397  0.222147377 -0.419538486 -1.9115154 -0.841067539 -0.0344934848
 -0.00142409043 -1.47854045  0.186933507  1.28736628 -1.63795041 -0.719642117
  1.02159795 -0.0731324769 -0.00813903024  0.438696273 -0.35331584 -0.426908017
 -0.825460505  0.120687951 -0.359359001 -1.6751204  1.40785993  0.0977587466
 -0.431158665  1.16798071 -1.32351624 -0.185116725 -0.226481759  0.153591708
 -0.282075294 -1.27576126 -0.152355448  0.19396585 -1.88865364  0.00420341732
  0.328091675 -0.468465376  0.226537889 -0.09839235 -0.184072816 -0.751215802
 -0.726209271 -1.58012767  1.55680214 -1.01775575 -0.73494537  1.45634069
  0.133324618 -0.697098475 -0.529815542 -0.285231119  1.12067107  0.663854113
 -0.457574146  0.479948702 -1.14920115  0.114710118 -0.696042104  0.372691687
  1.1020387  0.194872936 -0.534595462 -0.59823072  0.0271474519  1.81352152
  1.41914548 -1.22668183  1.70000831 -1.0234316 -1.06914066  0.0323693169
  0.43279711 -1.88140596 -0.0414940559  0.0334695523 -1.15228111 -1.45293874
  1.43562001 -1.36562426  1.69046045 -1.45972663 -1.05786624  1.9133679
 -0.328203538  1.26405685 -1.73563282  0.518393602 -0.259463051 -0.00460047741
 -0.392347553  0.978607095  0.747671599 -0.134586305 -1.23345771  1.18221333
  0.15754728 -0.432840958  0.694825522  0.688499745 -0.476975175 -0.00131031558
  0.392898236  0.638325371  0.232461126  1.77264077 -0.872826664  0.276576647
 -0.248275788  0.345098598 -0.0648915456 -0.582333667  1.40015949 -0.346529961
  1.81836083 -0.950066364 -0.374034585  1.17847288 -0.335164153  0.647056805
 -0.511522579  0.0747264151 -0.343999187 -1.02843144 -1.5586105  0.694838019
 -0.420683056 -1.36816595 -1.69605148  0.0817750527 -0.18602456  1.09484482
 -1.0348988 -0.0626241847  0.563527025 -0.766427881 -0.0650615082  0.308976541
  0.0462644486 -0.056502218 -0.283744262  0.993130806 -1.09684555  0.619954614
  1.22326245  1.41322085 -0.259375243 -0.579110555  0.642590392 -0.566219635
  1.5199651  0.384161887 -0.626144891  0.535902342  0.537775125  1.42051479
  0.772552751  0.600013919 -0.0573116753 -0.860557284 -0.502690953 -1.68221104
 -0.567437485 -1.28153512  0.133637025 -0.763028185 -0.647730618 -0.231715766
  0.101193967 -0.364529626 -1.37168707 -0.639186307 -1.34203908  0.649325083
 -0.895712958  0.353095576  1.05631761  0.885669509  0.43962867  0.609062606
 -1.08081907  0.312858837  1.36413964 -0.208582024  0.00345299099 -0.0641867711
 -0.359873125  0.936940959  0.708044251 -0.0213449494 -0.530964673
  0.0602080636  0.000904182766 -0.477271616  0.256793968 -0.406731456
  0.416766798  1.52692262 -0.453184979  0.567386592  0.304716964 -0.0412498201
  0.526093564 -0.17460747 -0.743023537  0.605622345  1.31725993 -0.311109528
 -1.34323099 -0.993727305  1.54585485 -0.167500092  0.429121281  0.705336482
  0.921700536  0.0145304532 -0.37891462 -1.08702221 -0.246476565  0.139519015
  0.236880425 -1.27861033 -0.118781251  0.172274248  0.523633993  0.704326453
  0.987463896 -0.369751559  0.0134719687  0.213715946 -0.292922389 -0.304177544
 -0.594080972  0.0833651632 -0.338765784  0.482287297  0.817018323  0.87121342
  0.867924508 -0.839762567  0.419566999  0.438823955 -0.302208636 -0.159906787
  0.463266821 -0.132892758  0.975345813 -0.0672796865 -0.0950090447  1.27160986
 -0.905898088 -1.73837044 -1.26475077  0.0504797348  0.375795175 -0.840885199
 -0.198047507  0.434191582  0.00845145539 -0.922692804  1.12457987  0.526963025
 -0.18278931 -0.397846144 -0.0120742141 -1.10551555  0.541146988  0.325993699
  0.0330199652  0.224476194 -0.378524352 -1.6364102  1.70095814  0.268897236
 -0.863642728 -0.135791176  0.458103761 -1.50598696 -0.638578377  1.08858854
 -1.88481428 -0.437580439  0.389260167  0.539932799  0.316886839  1.42092549
  0.157423129 -0.678302247  0.41007552  1.51231045  0.975944725  0.410304324
  1.71343449 -1.7089981 -0.70797945  1.11253178  0.905317603 -1.48925281
 -0.513017595 -0.239723041  0.71403701 -0.938545512  1.35036559 -0.894832882
 -0.357225749  0.398179052 -1.31939932  0.212362577 -0.290981001  0.378055364
 -0.613926961 -1.11599007 -0.0967192144  0.776814617 -0.978911735  1.72268786
 -1.23542587  0.12514902 -0.111861764 -0.163476547  1.02884649 -0.294192006
  0.647770867 -0.696844621 -0.182084271 -1.9302949 -1.26885929  0.72497341
  0.213947933 -0.695732472 -0.426069198  0.663633382 -0.456766775 -1.25902374
  1.59096813 -0.00916313433 -1.46493207 -0.803614693 -0.720049998  0.483367632
  0.862372078  0.778137978  0.0370778015  0.927565119  0.964026647  1.86475436
  0.587687209 -0.429504183 -0.165426637 -0.594884807  0.565324191  0.27006723
  0.244179292 -1.42924581 -0.270688882 -0.246441751  0.46925221  1.48734566
  0.66833586  1.56387132 -1.00316673  0.336353211  0.0384588366  0.776824848
  0.518501408  1.24614417 -0.642787265 -0.0487333237 -0.964463319 -0.0460517113
  0.804937807 -0.155045314 -1.04032823  0.836672893 -0.42865369  0.543109548
  0.600159506 -0.45470017 -0.414170732 -0.492021664 -0.118153833 -0.200429032
  1.53377566  1.21596102  0.970396897 -1.09257746 -0.125669936 -0.279039664
 -0.232878476  1.44001231 -0.711699424  1.05458481  1.23840222 -0.815776752
  0.326452117 -0.362942515 -0.26386177 -1.38551988  0.707095145 -1.74550546
 -0.356128864 -0.869508127 -0.123919324  0.307612816  0.205664315 -1.18283824
  0.0749545619 -1.38455494 -0.604610292 -0.571170332  1.27744949  0.281556806
  1.62584209 -0.601181953 -0.0261658607  1.54171351 -0.992957518 -0.0592735232
 -0.294449146 -0.41100036 -0.366386378  0.149882544  1.18210201 -0.784518045
 -0.000227201051  0.450781163  0.795264054  0.4752842  0.328728897 -1.50352106
  1.15174613 -1.05084589 -0.322115208 -0.635866  1.87336207 -1.59785521
  0.709645323 -0.865935436  1.07289762 -1.18383313 -0.63415982  0.820029478
  0.35170153 -0.174674588 -0.483509178  0.996344198 -0.950027748 -0.753255182
  0.56141759  0.191115136  1.54118108  1.31150873  0.147011128  0.22154231
  1.539178 -0.266814923 -0.0736407749  0.777224204  1.13103695 -0.377712304
 -0.388648186 -0.367290514  0.383124649  1.06249182 -0.275199448  0.392673654
 -0.141881968 -0.252247426 -0.366454125 -0.458243296  0.0284414429  0.838394532
  0.985410086  0.946571572  0.243400206 -0.635095225 -0.538015844 -0.908651498
 -0.28433187  0.0248493167  1.16679342  0.43010437  1.11671569 -1.05098537
  0.442464985  1.01147426  0.759096394 -0.530321267 -0.209983399  0.488204999
  0.342281077  0.842477877  0.882865309  0.970594051 -0.225682683 -0.0553752364
 -0.711994545  0.861439067  0.107154933 -0.164076512  0.277851626  0.667944229
 -0.577131269 -1.09437129 -1.55046425 -0.00592525119 -0.945328635 -1.12638716
  0.191536289  0.486512501  0.41418649 -1.73635891  1.11460723 -1.88798868
 -0.0253231708  0.707517043  0.606967471 -0.144800756  0.992853475  0.595411937
 -0.0951645935 -0.858037088 -0.262753246  1.75575812 -0.537293039  1.91556997
  0.547316472 -1.22594689 -0.303087119 -0.679230311  1.01413266 -1.0513588
  0.325339135  1.65367606 -1.58181253  1.08685511 -0.272043916 -0.597190504
  0.536727651  1.59682531  0.0542417137 -1.57093538 -0.726113793  1.179099
 -0.542419117  1.01775077  0.877710892 -1.13282559  0.511342908 -0.0816433888
 -0.194744988  0.266787132  1.15252301 -0.626012034  0.76047339  0.0506067377
  0.339685403  0.647494807  0.354768823 -0.494400733  0.0205263898  0.235702092
  0.455769958 -1.75720354 -0.737415053  0.258071915  1.45764914  0.566233867
 -0.551592619  0.514748919  0.113327601  0.404863665 -0.0515971214  0.597314608
 -0.611724494 -0.148577177  0.152985131  0.313774595 -0.385999988 -1.18436667
 -0.313027148 -0.459095712  0.37025641 -0.117474193 -0.216097558  0.50556501
  1.32391434  0.60468744  0.0489843629 -0.704820042  0.63679802 -0.92849992
  0.538872178 -1.84265995  0.378139676  0.424057875  1.47043537  1.50036645
  0.257837082  1.58236559 -0.939351934 -0.804971814 -0.737180175 -0.593125365
  0.402425672 -1.45083668 -0.710629611 -0.715403153  1.62493185  0.521856879
  1.74464707  1.14485711 -0.996598588  0.404432542 -0.371199964  1.22118425
 -0.688287494 -0.898917762 -1.22717149  0.0908937194 -1.27621426  0.12725309
 -0.497552724 -0.200098956  1.3058795  1.11378008 -0.555215328 -0.975523316
  1.244345 -0.594329621 -0.186994571 -1.01854698  0.97956114 -0.194527672
 -0.0796615042 -1.26586902 -1.16657849 -0.647093809  0.481314881  1.50706129
  0.240929335  1.049033  0.402322977  1.77771742 -0.99711276 -0.65492272
 -1.03013635 -0.703258676 -0.873559699  0.297505982  0.0854844284 -0.687428627
  0.81686112  1.73959655 -1.88291548  1.7898136  0.227922044  0.780521017
  1.77241069 -1.43486485  0.0264117838  0.496603928  0.511436106 -0.390353977
  0.430053293 -0.428140122 -0.378913211  1.10513704
  1.  1.  1.  1.  1.  1.  1.  1.  1.  1.  1.  1.  1.  1.  2.  2.  1.25  2.  2.
  2.  2.  2.  2.  1.25  2.  2.  2.  1.25  2.  1.25  2.  2.  2.  2.  1.25  2.
  2.  2.  2.  2.  1.5  1.25  2.  1.25  2.  1.25  2.  2.  1.25  2.  2.  2.  2.
  2.  2.  2.  1.25  1.25  2.  1.25  1.25  1.25  1.25  1.25  1.25  2.  1.5  1.5
  2.  2.  1.25  2.  2.  2.  2.  2.  2.  2.  2.  1.5  2.  2.  2.  2.  2.  2.  2.
  2.  2.  2.  1.25  2.  2.  1.25  2.  2.  2.  2.  2.  2.  2.  2.  2.  2.  1.25
  2.  1.25  2.  2.  1.25  1.25  1.25  1.25  2.  1.25  1.25  2.  2.  2.  2.  2.
  2.  2.  2.  2.  2.  2.  2.  2.  1.25  1.25  2.  1.25  1.5  2.  1.5  1.25  2.
  2.  2.  2.  2.  2.  2.  2.  2.  2.  2.  2.  2.  2.  2.  1.25  2.  2.  2.  2.
  1.25  1.5  1.5  2.  2.  2.  2.  2.  2.  2.  2.  1.5  2.  2.  1.25  1.5  1.5
  2.  2.  1.5  2.  1.5  2.  1.5  1.25  2.  2.  1.5  1.5  1.5  1.25  2.  2.  1.5
  2.  1.5  1.5  1.5  1.5  1.5  2.  1.5  1.5  2.  2.  2.  2.  2.  2.  2.  2.  2.
  2.  2.  2.  1.25  1.25  2.  2.  2.  2.  1.25  2.  2.  1.25  1.25  2.  2.  2.
  2.  2.  2.  2.  2.  2.  2.  2.  2.  2.  2.  2.  2.  2.  2.  2.  2.  2.  2.
  2.  1.25  1.25  1.25  1.25  1.25  2.  1.25  2.  2.  2.  2.  2.  2.  2.  2.
  2.  2.  2.  1.25  1.25  2.  2.  2.  2.  1.25  1.25  2.  2.  2.  2.  2.  2.
  2.  2.  2.  2.  2.  1.25  1.25  1.25  2.  2.  2.  2.  1.25  2.  1.25  2.  2.
  2.  2.  2.  2.  2.  2.  2.  2.  2.  2.  2.  2.  2.  2.  2.  2.  2.  2.  2.
  2.  2.  2.  2.  1.25  1.25  2.  2.  2.  2.  2.  2.  2.  2.  2.  2.  1.25
  1.25  1.25  2.  2.  2.  2.  2.  2.  2.  2.  2.  2.  2.  1.25  2.  1.25  1.25
  1.25  2.  1.25  2.  2.  2.  2.  2.  2.  2.  2.  2.  2.  1.25  1.25  2.  2.
  2.  2.  2.  2.  2.  2.  2.  2.  2.  2.  2.  2.  2.  2.  2.  2.  2.  1.5  1.5
  1.5  1.5  2.  2.  2.  2.  2.  2.  2.  2.  2.  2.  2.  2.  2.  2.  2.  2.  2.
  2.  2.  2.  2.  2.  2.  2.  2.  2.  2.  2.  2.  2.  2.  2.  2.  2.  2.  2.
  1.25  2.  1.25  2.  2.  2.  1.5  2.  2.  2.  2.  2.  2.  2.  2.  2.  2.  2.
  2.  2.  1.25  2.  1.25  2.  2.  2.  2.  2.  2.  2.  2.  2.  2.  2.  2.  2.
  2.  2.  2.  2.  2.  2.  2.  2.  1.25  1.25  1.25  2.  2.  2.  2.  2.  2.  2.
  2.  2.  2.  2.  2.  2.  2.  2.  2.  1.25  2.  2.  2.  2.  2.  2.  1.25  2.
  2.  2.  2.  2.  2.  2.  2.  1.25  1.25  2.  2.  2.  2.  2.  1.25  2.  2.  2.
  2.  2.  2.  2.  2.  2.  2.  2.  2.  2.  2.  2.  2.  2.  2.  2.  2.  2.  2.
  2.  2.  1.25  1.25  2.  2.  2.  2.  2.  2.  2.  2.  2.  2.  2.  2.  2.  2.
  2.  2.  2.  2.  2.  2.  2.  2.  2.  2.  2.  1.5  1.5  1.25  1.25  2.  2.  2.
  2.  2.  2.  2.  2.  2.  1.5  1.5  2.  2.  2.  2.  2.  2.  1.25  2.  2.  2.
  2.  2.  2.  1.5  1.5  2.  2.  2.  2.  2.  2.  2.  2.  2.  2.  2.  2.  2.  2.
  2.  2.  2.  2.  2.  2.  2.  2.  2.  2.  2.  2.  2.  2.  2.  2.  2.  2.  2.
  2.  2.  2.  2.  2.  2.  1.25  2.  2.  2.  2.  2.  2.  2.  2.  2.  2.  1.25
  2.  2.  2.  2.  2.  2.  1.25  1.25  2.  2.  1.25  1.25  2.  2.  1.25  1.25
  2.  2.  1.25  1.25  2.  2.  2.  2.  2.  2.  2.  2.  2.  2.  2.  2.  2.  2.
  2.  2.  2.  2.  2.  2.  2.  2.  2.  2.  2.  2.  2.  2.  2.  2.  1.25  1.25
  1.25  1.25  1.25  1.25  1.25  1.25  1.25  1.25  1.25  1.25  1.25  1.25  1.25
  2.  2.  2.  2.  2.  2.  2.  2.  2.  2.  2.  2.  2.  2.  2.  2.  2.  2.  2.
  1.25  1.25  1.25  1.25  2.  2.  2.  2.  2.  2.  2.  2.  2.  2.  2.  2.  2.
  2.  2.  1.25  2.  1.25  1.25  1.25  1.25  1.25  1.25  2.  2.  2.  2.  2.  2.
  2.  2.  2.  2.  2.  2.  2.  2.  2.  1.25  1.25  2.  2.  2.  2.  2.  2.  2.
  2.  1.25  1.25  1.25  2.  2.  2.  2.  2.  2.  2.  2.  2.  2.  2.  2.  2.  2.
  2.  2.  2.  2.  2.  2.  2.  2.  2.  2.  2.  2.  2.  2.  2.  2.  2.  2.  1.25
  1.25  1.25  1.25  1.25  2.  2.  2.  2.  2.  2.  2.  2.  2.  2.  1.25  1.25
  2.  1.25  1.25  2.  2.  2.  2.  2.  2.  2.  2.  2.  2.  2.  2.  2.  2.  2.
  2.  2.  2.  2.  1.25  1.25  1.25  1.25  1.25  2.  2.  2.  2.  2.  2.  2.  2.
  2.  2.  2.  2.  2.  2.  2.  2.  2.  2.  2.  2.  2.  2.  2.  2.  2.  2.  1.25
  2.  2.  2.  2.  2.  2.  1.5  1.5  2.  1.5  2.  2.  2.  2.  2.  2.  2.  2.  2.
  2.  2.  2.  2.  2.  2.  2.  2.  2.  2.  2.  2.  2.  2.  2.  2.  2.  2.  2.
  2.  2.  2.  2.  2.  2.  2.  2.  2.  2.  2.  2.  2.  2.  2.  2.  2.  2.  2.
  2.  2.  2.  2.  2.  2.  2.  2.  2.  2.  1.5  1.5  2.  2.  2.  2.  2.  2.  2.
  2.  1.25  1.25  2.  2.  2.  1.25  1.25  1.25  1.25  1.25  2.  2.  2.  2.
  1.25  1.25  1.25  1.25  1.25  1.25  2.  2.  2.  1.25  1.25  1.25  1.25  1.25
  1.25  1.25  1.25  1.25  1.25  1.25  2.  1.25  2.  1.25  1.25  1.25  1.25
  1.25  1.25  2.  1.5  2.  2.  2.  2.  2.  1.25  2.  2.  2.  2.  1.25  2.  2.
  2.  2.  2.  1.25  1.25  1.25  1.25  1.25  2.  2.  2.  2.  2.  2.  2.  2.
  1.25  1.25  2.  1.25  1.25  1.25  1.25  1.25  1.25  1.25  1.25  2.  1.25  2.
  1.25  1.25  1.25  2.  1.25  1.25  1.25  1.25  2.  2.  2.  2.  2.  2.  2.
  1.25  1.25  2.  2.  2.  2.  2.  2.  2.  1.25  1.25  2.  2.  2.  1.25  2.  2.
  2.  2.  1.25  1.25  1.25  2.  2.  2.  2.  1.25  2.  2.  2.  2.  2.  2.  2.
  2.  2.  2.  2.  1.25  2.  1.25  1.5  2.  1.5  1.25  2.  2.  2.  2.  1.5  2.
  2.  2.  2.  1.5  2.  2.  2.  2.  1.25  1.25  2.  2.  2.  2.  2.  1.25  2.  2.
  1.25  2.  2.  2.  2.  2.  2.  1.25  2.  2.  2.  2.  1.25  1.25  1.25  1.25
  1.25  2.  2.  2.  2.  2.  1.25  2.  1.25  2.  1.25  2.  2.  2.  2.  2.  2.
  2.  2.  1.25  2.  1.25  1.25  1.25  1.25  2.  2.  2.  1.25  1.25  1.25  1.25
  1.25  1.25  1.25  1.25  1.25  2.  2.  2.  2.  1.25  1.25  1.25  2.  1.25
  1.25  1.25  1.25  1.25  1.25  1.25  1.25  1.25  1.25  1.25  1.25  2.  1.25
  2.  2.  2.  2.  1.25  1.25  2.  1.25  1.25  1.25  1.25  1.25  2.  2.  2.
  1.25  1.25  1.25  1.25  1.25  1.25  1.25  1.25  1.25  2.  2.  2.  2.  2.  2.
  1.5  2.  1.25  2.  2.  2.  2.  1.25  2.  2.  1.25  1.25  2.  2.  2.  2.  2.
  2.  1.25  1.25  1.25  1.25  1.25  1.25  2.  2.  2.  1.25  1.25  1.25  1.25
  1.25  1.25  1.25  1.25  2.  2.  2.  2.  2.  2.  2.  2.  1.5  1.25  1.25  2.
  1.25  2.  2.  2.  2.  2.  2.  2.  2.  1.25  1.25  1.25  1.25  2.  2.  2.  2.
  1.25  1.25  2.  2.  2.  2.  2.  2.  2.  2.  1.25  1.25  1.25  1.25  1.25
  1.25  2.  2.  2.  2.  1.25  1.25  2.  2.  1.25  1.25  1.25  1.25  1.25  1.25
  1.25  2.  1.25  1.25  1.25  2.  2.  2.  2.  2.  2.  2.  2.  2.  2.  2.  1.25
  1.25  1.25  1.25  1.25  2.  1.25  1.25  1.25  2.  2.  2.  2.  1.25  1.5  1.25
  1.25  2.  2.  2.  2.  1.25  1.25  2.  1.25  1.25  2.  2.  2.  1.25  1.25
  1.25  1.25  1.25  1.25  1.25  2.  2.  2.  1.25  1.25  1.25  1.25  1.25  1.25
  1.25  2.  2.  2.  2.  2.  2.  2.  2.  2.  2.  2.  1.25  1.25  1.25  1.25
  1.25  2.  1.25  1.25  1.25  1.25  1.25  2.  2.  2.  1.25  1.25  1.25  1.25
  1.25  1.25  1.25  1.25  2.  2.  2.  2.  1.25  1.25  1.25  1.25  1.25  2.  2.
  1.25  2.  2.  2.  2.  2.  2.  1.25  1.25  2.  2.  2.  2.  2.  2.  2.  2.
  1.25  2.  2.  1.25  2.  2.  2.  1.25  1.25  1.25  1.25  2.  1.25  1.25  2.
  2.  2.  2.  2.  2.  2.  2.  2.  2.  2.  2.  1.25  1.25  1.25  2.  1.25  1.25
  1.25  2.  2.  2.  2.  2.  2.  2.  2.  1.25  1.25  1.25  1.25  1.25  2.  2.
  2.  2.  2.  2.  2.  1.25  1.25  1.25  1.25  1.25  1.25  2.  1.25  1.25  1.25
  1.25  1.25  1.25  1.25  1.25  1.25  1.25  1.25  1.25  1.25  1.25  2.  2.  2.
  2.  2.  2.  2.  2.  2.  2.  2.  2.  2.  2.  2.  1.5  1.5  1.5  2.  2.  2.  2.
  1.25  2.  2.  2.  2.  2.  2.  2.  1.25  2.  1.25  1.25  2.  1.25  2.  1.25
  2.  2.  2.  2.  1.25  1.25  2.  2.  2.  2.  2.  1.25  1.25  1.25  2.  2.  2.
  2.  1.25  2.  2.  2.  1.25  2.  2.  2.  2.  2.  2.  2.  1.25  1.25  2.  1.25
  2.  1.25  1.25  1.5  2.  1.25  2.  2.  2.  2.  1.25  2.  1.25  1.25  2.  2.
  2.  2.  2.  1.25  1.25  1.25  1.25  1.25  2.  2.  2.  1.25  1.25  1.25  1.25
  1.25  1.25  1.25  1.25  1.25  2.  1.5  1.5  2.  2.  2.  1.25  1.25  1.25
  1.25  1.25  1.25  1.25  1.25  1.25  1.25  1.25  1.25  2.  2.  2.  2.  2.
  1.25  1.5  1.25  2.  2.  2.  2.  2.  2.  2.  2.  1.25  1.25  2.  1.25  1.25
  2.  2.  2.  2.  2.  1.25  1.25  1.25  1.25  1.25  2.  2.  2.  2.  2.  2.
  1.25  1.25  1.25  1.25  1.25  2.  2.  2.  2.  2.  2.  2.  2.  2.  2.  1.25
  1.25  1.25  2.  1.25  1.25  2.  2.  2.  2.  2.  2.  1.5  1.5  2.  2.  2.  2.
  2.  2.  1.25  1.25  2.  2.  2.  1.25  2.  2.  1.25  2.  2.  1.25  2.  1.25
  2.  2.  2.  2.  2.  2.  2.  2.  2.  2.  2.  2.  2.  2.  2.  2.  2.  2.  1.25
  1.25  1.25  1.25  2.  2.  2.  2.  2.  2.  2.  2.  2.  2.  2.  1.25  1.25  2.
  2.  2.  2.  2.  1.25  1.25  2.  2.  2.  2.  2.  2.  2.  2.  1.25  2.  2.  2.
  2.  1.25  2.  2.  2.  2.  2.  2.  2.  2.  2.  2.  2.  2.  2.  1.25  1.25  2.
  2.  1.25  2.  2.  1.25  2.  2.  2.  2.  2.  2.  2.  1.5  1.25  1.25  2.  2.
  2.  2.  2.  1.25  2.  1.25  2.  1.25  2.  1.25  2.  2.  2.  1.5  2.  2.  2.
  2.  2.  2.  2.  2.  2.  2.  2.  2.  1.25  2.  2.  2.  2.  2.  2.  2.  2.  2.
  2.  2.  2.  2.  2.  2.  2.  1.25  2.  2.  2.  2.  2.  2.  2.  1.25  1.25  2.
  2.  1.25  2.  2.  2.  1.25  1.25  1.25  1.25  2.  2.  2.  2.  2.  1.25  1.25
  1.25  1.25  2.  2.  2.  2.  2.  2.  2.  2.  2.  2.  2.  2.  2.  2.  2.  2.
  2.  2.  2.  2.  2.  2.  2.  2.  2.  2.  2.  2.  2.  2.  2.  2.  2.  1.5  1.5
  2.  2.  2.  2.  2.  2.  2.  2.  2.  2.  2.  1.25  2.  2.  2.  2.  2.  1.25
  2.  2.  2.  2.  2.  2.  2.  1.25  2.  2.  2.  2.  1.25  2.  2.  2.  1.25  2.
  2.  2.  2.  2.  2.  2.  1.25  2.  2.  2.  2.  1.25  2.  2.  2.  2.  2.  2.
  2.  1.25  2.  2.  2.  2.  2.  2.  1.25  2.  1.25  2.  2.  2.  1.5  2.  2.  2.
  2.  2.  2.  2.  2.  2.  2.  1.25  2.  1.25  2.  2.  2.  2.  1.25  2.  2.  2.
  2.  2.  2.  2.  2.  2.  2.  1.25  2.  2.  2.  2.  2.  1.25  2.  2.  2.  2.
  2.  2.  2.  2.  2.  2.  2.  2.  2.  2.  2.  2.  2.  2.  2.  2.  2.  2.  2.
  2.  1.25  2.  1.25  2.  2.  2.  1.25  1.25  2.  2.  2.  2.  2.  2.  1.25  2.
  2.  2.  1.25  2.  2.  1.25  2.  2.  2.  2.  1.25  2.  2.  2.  2.  1.25  1.25
  1.25  2.  2.  2.  1.25  1.25  1.25  1.25  2.  2.  1.25  2.  2.  1.25  2.  2.
  2.  2.  2.  2.  2.  2.  2.  2.  2.  1.25  2.  1.25  1.25  1.25  2.  2.  2.
  1.25  1.25  1.25  1.25  1.25  1.25  1.25  1.25  2.  2.  2.  2.  1.25  1.25
  1.25  1.25  2.  2.  2.  2.  2.  2.  2.  2.  2.  2.  2.  1.25  2.  1.25  2.
  2.  2.  1.25  2.  2.  2.  2.  2.  2.  1.25  1.25  1.25  1.25  1.25  2.  1.25
  2.  2.  2.  2.  2.  1.25  2.  1.25  1.25  1.25  2.  2.  2.  2.  2.  1.25
  1.25  1.25  2.  1.25  2.  1.25  2.  2.  2.  2.  2.  2.  2.  2.  1.25  2.  2.
  2.  2.  2.  1.25  1.25  1.25  2.  2.  2.  2.  2.  2.  1.25  1.25  2.  2.  2.
  2.  2.  1.25  1.25  2.  2.  2.  2.  2.  2.  2.  2.  2.  2.  2.  1.25  1.25
  2.  2.  1.25  2.  2.  2.  2.  2.  2.  2.  2.  2.  2.  2.  2.  2.  2.  2.  2.
  2.  2.  2.  2.  2.  2.  2.  2.  2.  2.  1.25  1.25  2.  1.25  1.5  1.5  1.5
  1.25  1.5  1.5  1.5  1.25  1.25  1.25  1.25  1.25  1.25  1.5  1.25  1.25  2.
  1.25  1.25  1.25  2.  2.  1.25  2.  2.  1.25  1.25  2.  2.  2.  2.  2.  2.
  2.  2.  2.  2.  2.  2.  1.25  2.  2.  1.25  1.25  2.  2.  2.  2.  2.  2.  2.
  2.  1.25  2.  2.  1.25  2.  2.  2.  2.  2.  2.  2.  2.  2.  1.25  2.  2.  2.
  1.25  2.  2.  2.  2.  2.  1.25  1.25  1.25  2.  2.  2.  2.  2.  2.  2.  1.25
  2.  2.  2.  2.  1.25  2.  2.  2.  1.25  2.  2.  1.25  2.  2.  2.  2.  2.
  1.25  2.  2.  2.  2.  2.  2.  2.  2.  2.  2.  2.  2.  2.  2.  2.  2.  1.25
  1.25  1.25  2.  2.  2.  2.  2.  2.  2.  2.  2.  2.  2.  1.25  2.  2.  2.
  1.25  1.25  2.  2.  2.  2.  1.25  1.25  1.25  1.25  1.25  2.  2.  2.  2.  2.
  2.  2.  2.  2.  2.  2.  2.  2.  2.  2.  2.  2.  2.  1.25  1.25  2.  2.  2.
  2.  2.  2.  2.  2.  2.  2.  2.  2.  2.  2.  2.  2.  1.25  2.  2.  2.  1.25
  2.  1.25  2.  2.  2.  2.  2.  2.  2.  2.  2.  1.25  2.  2.  1.25  2.  2.
  1.25  2.  1.25  2.  1.25  1.25  1.25  1.25  2.  1.25  2.  1.25  2.  1.25
  1.25  2.  2.  2.  1.25  1.25  2.  1.25  1.25  1.25  2.  2.  2.  2.  2.  2.
  2.  2.  2.  1.5  2.  1.25  2.  2.  1.25  1.25  2.  2.  2.  1.25  1.25  1.25
  2.  1.25  2.  1.25  2.  2.  2.  2.  2.  1.25  2.  2.  2.  2.  2.  2.  1.25
  2.  2.  2.  2.  2.  2.  2.  2.  2.  1.25  1.25  1.25  2.  1.25  2.  2.  2.
  2.  2.  2.  1.25  2.  2.  2.  2.  2.  2.  2.  2.  2.  2.  2.  2.  1.25  1.25
  1.25  2.  2.  2.  2.  2.  2.  2.  2.  2.  2.  2.  2.  2.  2.  2.  2.  2.  2.
  2.  2.  2.  2.  2.  2.  2.  2.  1.25  2.  2.  1.25  2.  2.  2.  2.  2.  2.
  2.  2.  2.  2.  2.  2.  2.  2.  2.  1.25  2.  2.  2.  2.  2.  2.  2.  2.  2.
  2.  2.  2.  2.  2.  2.  2.  2.  2.  2.  1.25  2.  2.  2.  2.  2.  2.  2.  2.
  2.  2.  2.  2.  2.  2.  2.  2.  2.  2.  2.  2.  2.  2.  2.  2.  2.  2.  2.
  2.  2.  2.  2.  2.  2.  1.25  1.25  2.  2.  2.  2.  2.  1.25  2.  2.  2.  2.
  2.  2.  2.  2.  2.  2.  2.  2.  2.  2.  2.  2.  2.  2.  2.  2.  1.5  1.5  1.5
  1.5  1.5  1.25  1.25  2.  1.25  2.  1.25  1.25  1.25  1.25  1.25  1.25  1.25
  1.25  1.25  2.  2.  1.25  1.25  1.25  1.25  2.  1.25  1.25  1.25  1.25  1.25
  2.  2.  2.  2.  1.25  2.  2.  2.  2.  2.  2.  2.  2.  2.  2.  2.  2.  2.  2.
  2.  1.25  2.  1.5  1.5  1.5  2.  2.  2.  2.  2.  2.  2.  2.  1.25  2.  2.  2.
  2.  1.25  2.  2.  2.  2.  2.  2.  2.  2.  2.  2.  1.25  1.25  1.25  2.  2.
  2.  2.  2.  2.  2.  2.  2.  2.  2.  2.  2.  2.  2.  2.  2.  2.  2.  2.  2.
  2.  2.  2.  2.  2.  2.  2.  2.  2.  2.  2.  2.  2.  2.  1.5  2.  2.  2.  2.
  2.  2.  2.  2.  2.  2.  2.  2.  2.  2.  2.  2.  2.  1.5  2.  2.  2.  2.  2.
  2.  2.  2.  2.  2.  2.  2.  2.  2.  2.  2.  2.  2.  2.  2.  2.  2.  2.  2.
  2.  1.5  2.  1.5  2.  2.  2.  2.  2.  2.  2.  2.  2.  2.  2.  2.  2.  2.  2.
  2.  2.  2.  2.  2.  2.  2.  2.  2.  2.  2.  2.  2.  2.  2.  1.25  2.  2.  2.
  1.25  1.25  1.25  1.25  2.  2.  2.  2.  2.  1.25  2.  2.  2.  2.  1.25  2.
  2.  2.  2.  1.25  1.25  1.25  1.25  1.25  2.  2.  2.  2.  2.  2.  2.  2.  2.
  2.  1.25  2.  2.  1.25  1.25  1.25  2.  1.25  2.  1.25  1.25  1.25  1.25  2.
  2.  2.  2.  2.  2.  2.  2.  2.  2.  2.  2.  2.  2.  2.  2.  2.  2.  2.  2.
  2.  2.  2.  2.  2.  2.  2.  2.  2.  2.  2.  2.  2.  2.  2.  2.  2.  2.  2.
  2.  2.  2.  2.  2.  2.  2.  2.  2.  2.  2.  2.  2.  2.  2.  2.  2.  2.  2.
  2.  2.  1.25  2.  2.  1.25  2.  2.  2.  2.  2.  2.  2.  1.25  1.25  2.  2.
  2.  2.  2.  2.  2.  2.  2.  2.  2.  2.  2.  2.  2.  2.  2.  2.  2.  2.  2.
  2.  2.  2.  2.  2.  2.  2.  2.  2.  2.  2.  2.  2.  2.  2.  2.  2.  2.  2.
  2.  2.  2.  2.  2.  2.  2.  2.  2.  2.  2.  2.  2.  2.  2.  2.  2.  2.  2.
  2.  2.  2.  2.  2.  2.  2.  1.25  2.  2.  2.  2.  2.  2.  2.  2.  2.  2.  2.
  2.  2.  2.  2.  1.25  1.25  2.  2.  2.  2.  2.  2.  2.  2.  2.  2.  2.  2.
  2.  2.  2.  2.  2.  2.  2.  2.  2.  2.  2.  2.  2.  2.  2.  2.  2.  2.  2.
  2.  2.  2.  2.  2.  2.  2.  2.  2.  2.  2.  2.  2.  2.  2.  2.  2.  2.  2.
  2.  2.  2.  2.  2.  2.  2.  2.  2.  2.  2.  2.  2.  2.  2.  2.  2.  2.  2.
  2.  2.  2.  2.  2.  2.  2.  2.  2.  2.  2.  2.  2.  2.  2.  2.  2.  2.  2.
  2.  2.  2.  2.  2.  2.  2.  2.  2.  2.  2.  2.  2.  2.  2.  2.  2.  2.  2.
  2.  2.  2.  2.  2.  2.  2.  2.  2.  2.  2.  2.  2.  2.  2.  2.  2.  2.  2.
  2.  2.  2.  2.  2.  2.  2.  2.  2.  2.  2.  2.  2.  2.  2.  1.5  2.  2.  2.
  1.25  2.  2.  1.25  2.  2.  2.  2.  2.  2.  2.  2.  2.  2.  2.  2.  1.5  1.5
  2.  2.  2.  2.  2.  2.  2.  2.  2.  2.  2.  2.  2.  2.  2.  2.  2.  2.  2.
  2.  2.  2.  2.  2.  2.  2.  2.  2.  2.  1.25  2.  1.25  2.  2.  1.25  2.
  1.25  2.  2.  1.25  1.25  2.  2.  2.  2.  2.  2.  2.  2.  2.  2.  2.  2.  2.
  2.  2.  2.  2.  2.  2.  2.  2.  2.  2.  2.  2.  2.  2.  2.  2.  2.  2.  2.
  2.  2.  2.  2.  2.  2.  2.  2.  2.  2.  2.  2.  2.  2.  2.  2.  2.  2.  2.
  2.  2.  2.  2.  2.  2.  2.  1.25  2.  2.  1.25  2.  2.  2.  2.  2.  2.  2.
  1.5  1.5  2.  2.  2.  2.  2.  2.  2.  2.  2.  2.  2.  2.  2.  2.  2.  1.25
  2.  2.  2.  2.  2.  2.  2.  2.  2.  2.  2.  2.  2.  2.  2.  2.  2.  2.  2.
  2.  2.  2.  2.  2.  2.  2.  2.  2.  2.  2.  1.25  2.  2.  2.  2.  2.  2.  2.
  2.  2.  1.5  2.  2.  2.  2.  2.  2.  1.25  2.  2.  2.  2.  1.25  2.  1.25
  1.25  2.  2.  2.  2.  2.  2.  1.25  2.  2.  2.  2.  2.  2.  2.  1.25  2.  2.
  2.  2.  2.  2.  2.  2.  1.25  1.25  1.25  2.  2.  2.  2.  2.  2.  1.25  2.
  2.  2.  2.  2.  2.  2.  2.  2.  2.  2.  2.  2.  2.  2.  2.  2.  2.  2.  2.
  2.  2.  2.  2.  2.  2.  2.  2.  2.  2.  2.  2.  2.  2.  2.  2.  2.  1.25  2.
  2.  2.  2.  2.  2.  2.  2.  2.  2.  2.  1.5  2.  1.25  2.  2.  2.  2.  2.  2.
  2.  2.  2.  2.  2.  2.  2.  2.  2.  2.  2.  2.  2.  2.  2.  2.  2.  2.  2.
  2.  2.  1.25  1.25  2.  2.  1.25  1.25  2.  2.  2.  2.  2.  2.  2.  2.  2.
  2.  2.  2.  1.25  2.  2.  2.  2.  1.5  2.  2.  1.25  2.  1.25  2.  2.  2.  2.
  2.  2.  2.  1.25  1.25  2.  2.  1.25  2.  2.  2.  2.  2.  2.  2.  2.  2.  2.
  2.  2.  2.  2.  2.  2.  2.  2.  2.  2.  2.  2.  2.  2.  2.  2.  2.  2.  10.
  10.  10.  10.  10.  10.  10.  10.  10.  10.  10.  10.  10.  10.  10.  10.
  1.25  2.  1.5  1.25  2.  2.  1.25  2.  2.  1.25  2.  1.5  1.25  2.  1.25
  1.25  1.25  2.  1.25  1.25  2.  2.  2.  2.  2.  2.  2.  2.  2.  1.5  2.  1.25
  1.25  2.  2.  2.  2.  2.  2.  2.  2.  2.  1.25  1.25  1.25  2.  2.  2.  1.25
  2.  2.  2.  2.  1.25  1.25  1.25  2.  2.  1.25  1.25  2.  1.25  2.  2.  1.25
  2.  2.  2.  2.  2.  2.  2.  2.  2.  2.  2.  2.  2.  2.  2.  1.25  1.25  2.
  2.  2.  1.25  1.25  2.  2.  1.25  1.25  2.  2.  2.  2.  2.  2.  2.  2.  2.
  2.  1.25  1.25  1.25  1.25  2.  2.  2.  2.  2.  2.  2.  2.  2.  2.  2.  2.
  2.  2.  2.  2.  2.  2.  2.  2.  2.  2.  2.  1.25  1.25  1.25  2.  1.25  1.25
  1.25  2.  2.  2.  2.  2.  2.  2.  2.  2.  2.  2.  2.  2.  2.  1.25  1.25
  1.25  1.25  1.25  1.25  2.  2.  1.25  1.25  1.25  2.  2.  2.  2.  2.  2.  2.
  2.  2.  2.  1.25  1.25  2.  2.  2.  2.  2.  2.  2.  2.  2.  2.  2.  2.  2.
  2.  2.  2.  2.  2.  2.  2.  2.  2.  2.  2.  2.  2.  2.  2.  2.  2.  2.  2.
  2.  2.  2.  2.  2.  2.  2.  1.25  1.25  1.25  2.  2.  2.  2.  2.  2.  2.  2.
  2.  2.  2.  2.  2.  2.  1.25  1.25  2.  2.  2.  2.  2.  2.  2.  2.  2.  2.
  2.  2.  2.  2.  1.25  1.25  1.25  2.  2.  2.  2.  2.  2.  2.  2.  2.  2.  2.
  2.  2.  2.  2.  2.  2.  2.  2.  2.  2.  2.  2.  2.  2.  2.  2.  2.  2.  2.
  2.  2.  2.  2.  2.  2.  2.  2.  2.  2.  2.  2.  2.  2.  1.5  2.  2.  2.  2.
  2.  2.  2.  2.  2.  2.  2.  2.  2.  2.  2.  2.  1.25  1.25  1.25  1.25  1.25
  2.  2.  2.  2.  2.  2.  2.  2.  2.  2.  2.  1.5  2.  2.  2.  2.  2.  2.  2.
  2.  2.  2.  2.  2.  2.  2.  2.  2.  2.  2.  2.  2.  2.  2.  2.  2.  2.  2.
  2.  2.  2.  2.  2.  2.  2.  2.  2.  1.25  2.  1.25  2.  2.  2.  2.  2.  2.
  2.  2.  2.  2.  1.25  2.  2.  2.  2.  2.  2.  2.  2.  2.  2.  2.  2.  2.
  1.25  1.25  2.  2.  2.  2.  2.  2.  2.  2.  2.  2.  2.  2.  2.  2.  2.  2.
  2.  2.  2.  2.  2.  2.  2.  2.  2.  2.  2.  1.25  2.  2.  1.5  1.5  2.  2.
  2.  2.  2.  2.  2.  2.  2.  2.  2.  2.  2.  2.  2.  2.  2.  2.  2.  2.  2.
  2.  2.  2.  2.  2.  2.  2.  2.  2.  2.  2.  2.  2.  2.  2.  2.  2.  2.  2.
  2.  2.  2.  2.  2.  2.  2.  2.  2.  2.  2.  2.  2.  2.  2.  2.  2.  2.  2.
  2.  2.  2.  2.  2.  2.  2.  2.  2.  2.  2.  2.  2.  2.  2.  2.  2.  2.  2.
  2.  2.  2.  2.  2.  2.  2.  2.  2.  2.  2.  2.  2.  2.  2.  2.  2.  2.  2.
  1.25  1.25  2.  2.  2.  2.  2.  2.  2.  2.  2.  2.  1.5  2.  2.  2.  2.  2.
  1.5  2.  2.  2.  2.  2.  2.  2.  2.  2.  2.  2.  2.  2.  2.  2.  2.  2.  2.
  2.  2.  2.  2.  2.  2.  2.  2.  2.  2.  2.  2.  2.  2.  2.  2.  2.  2.  2.
  2.  2.  2.  2.  2.  2.  2.  2.  2.  1.25  2.  2.  2.  2.  2.  2.  2.  2.  2.
  2.  2.  2.  2.  2.  2.  2.  10.  2.  2.  1.5  2.  2.  10.  2.  2.  2.  2.  2.
  1.5  2.  1.5  2.  2.  2.  2.  2.  2.  10.  2.  2.  2.  2.  10.  2.  2.  2.
  1.5  2.  2.  1.5  2.  2.  2.  2.  2.  2.  2.  2.  2.  2.  2.  2.  2.  2.  2.
  2.  2.  2.  2.  2.  2.  2.  2.  2.  2.  2.  2.  2.  2.  1.5  1.5  2.  2.  2.
  2.  2.  2.  2.  2.  2.  2.  2.  2.  2.  2.  2.  2.  2.  1.5  1.5  1.5  2.  2.
  2.  2.  2.  2.  2.  2.  2.  2.  2.  2.  2.  2.  2.  2.  2.  2.  2.  1.25
  1.25  1.25  2.  2.  2.  2.  2.  2.  2.  2.  2.  2.  2.  2.  2.  2.  2.  2.
  2.  2.  2.  2.  2.  2.  2.  2.  2.  2.  2.  2.  2.  2.  2.  2.  2.  2.  2.
  2.  2.  2.  2.  2.  2.  2.  2.  2.  2.  2.  1.5  2.  1.25  1.5  1.5  2.  2.
  2.  2.  2.  2.  2.  2.
